osu file format v14

[General]
AudioFilename: audio.mp3
AudioLeadIn: 0
PreviewTime: -1
Countdown: 0
SampleSet: Normal
StackLeniency: 0.7
Mode: 0
LetterboxInBreaks: 0
WidescreenStoryboard: 0

[Editor]
DistanceSpacing: 0.5
BeatDivisor: 2
GridSize: 32
TimelineZoom: 1.4

[Metadata]
Title:Miki
TitleUnicode:Miki
Artist:Devilman Crybaby Ost
ArtistUnicode:Devilman Crybaby Ost
Creator:Lucifinho
Version:What it could be
Source:devilman crybaby
Tags:devilman crybaby
BeatmapID:2655713
BeatmapSetID:1278341

[Difficulty]
HPDrainRate:5
CircleSize:3
OverallDifficulty:4
ApproachRate:7
SliderMultiplier:1.00000000596046
SliderTickRate:1

[Events]
//Background and Video events
0,0,"903553.png",0,0
//Break Periods
//Storyboard Layer 0 (Background)
//Storyboard Layer 1 (Fail)
//Storyboard Layer 2 (Pass)
//Storyboard Layer 3 (Foreground)
//Storyboard Layer 4 (Overlay)
//Storyboard Sound Samples

[TimingPoints]
0,375,4,1,0,100,1,0


[HitObjects]
65,63,0,6,0,L|65:191,1,100.000000596046
66,272,750,1,0,0:0:0:0:
195,273,1125,1,0,0:0:0:0:
192,160,1500,1,0,0:0:0:0:
192,64,1875,1,0,0:0:0:0:
416,64,2250,6,0,L|416:192,1,100.000000596046
416,288,3000,1,0,0:0:0:0:
288,288,3375,1,0,0:0:0:0:
288,160,3750,1,0,0:0:0:0:
172,246,4312,5,0,0:0:0:0:
94,213,4499,1,0,0:0:0:0:
64,141,4875,2,0,P|52:80|106:53,2,100.000000596046
192,32,6000,1,0,0:0:0:0:
352,32,6375,1,0,0:0:0:0:
352,32,6750,2,0,L|353:147,1,100.000000596046
256,160,7500,1,0,0:0:0:0:
128,192,7875,5,0,0:0:0:0:
256,64,8250,1,0,0:0:0:0:
384,192,8625,1,0,0:0:0:0:
99,158,9000,6,0,L|182:86,3,100.000000596046
223,73,10500,1,0,0:0:0:0:
267,74,10875,1,0,0:0:0:0:
413,158,11250,6,0,L|330:86,3,100.000000596046
266,77,12750,1,0,0:0:0:0:
119,177,13312,5,0,0:0:0:0:
87,212,13500,1,0,0:0:0:0:
96,256,13875,2,0,L|188:296,1,100.000000596046
256,288,14625,1,0,0:0:0:0:
322,299,15000,2,0,L|420:252,1,100.000000596046
203,187,15750,6,0,L|325:187,2,100.000000596046
160,192,16875,1,0,0:0:0:0:
256,288,17250,1,0,0:0:0:0:
352,192,17625,1,0,0:0:0:0:
128,96,18000,6,0,L|160:224,2,100.000000596046
256,64,19125,1,0,0:0:0:0:
256,256,19500,1,0,0:0:0:0:
256,160,19875,1,0,0:0:0:0:
384,96,20250,6,0,L|352:224,2,100.000000596046
256,64,21375,1,0,0:0:0:0:
256,256,21750,1,0,0:0:0:0:
416,192,22312,5,0,0:0:0:0:
384,256,22500,1,0,0:0:0:0:
320,288,22875,2,0,L|192:288,1,100.000000596046
160,256,23625,1,0,0:0:0:0:
96,224,24000,1,0,0:0:0:0:
96,160,24375,1,0,0:0:0:0:
192,128,24750,6,0,L|320:128,1,100.000000596046
256,192,25500,1,0,0:0:0:0:
128,128,25875,1,0,0:0:0:0:
256,320,26250,1,0,0:0:0:0:
384,128,26625,1,0,0:0:0:0:
96,256,27000,6,0,L|192:320,1,100.000000596046
256,320,27750,1,0,0:0:0:0:
332,311,28125,2,0,L|416:256,1,100.000000596046
419,192,28875,1,0,0:0:0:0:
406,128,29250,2,0,L|293:40,1,100.000000596046
255,40,30000,1,0,0:0:0:0:
181,74,30375,2,0,L|80:162,2,100.000000596046
96,160,31500,5,0,0:0:0:0:
160,64,31875,1,0,0:0:0:0:
256,160,32250,1,0,0:0:0:0:
448,64,32625,5,0,0:0:0:0:
352,160,33000,1,0,0:0:0:0:
256,64,33375,1,0,0:0:0:0:
130,149,33750,5,0,0:0:0:0:
256,64,34125,1,0,0:0:0:0:
388,150,34500,1,0,0:0:0:0:
128,64,34875,5,0,0:0:0:0:
256,192,35250,1,0,0:0:0:0:
384,64,35625,1,0,0:0:0:0:
96,64,36000,6,0,L|225:64,1,100.000000596046
256,64,36750,1,0,0:0:0:0:
320,96,37125,2,0,L|396:181,1,100.000000596046
416,224,37875,1,0,0:0:0:0:
387,278,38250,2,0,L|311:351,1,100.000000596046
256,352,39000,1,0,0:0:0:0:
198,321,39375,2,0,L|74:321,1,100.000000596046
96,224,40125,1,0,0:0:0:0:
160,160,40500,6,0,L|253:93,1,100.000000596046
352,96,41250,1,8,0:0:0:0:
352,192,41625,6,0,L|255:262,1,100.000000596046
192,224,42375,1,0,0:0:0:0:
201,192,42750,2,0,L|329:192,2,100.000000596046
160,96,43875,5,0,0:0:0:0:
320,192,44250,1,0,0:0:0:0:
160,288,44625,1,0,0:0:0:0:
128,160,45000,6,0,L|256:160,1,100.000000596046
224,160,45750,1,0,0:0:0:0:
256,96,46125,1,0,0:0:0:0:
256,224,46500,1,0,0:0:0:0:
256,160,46875,1,0,0:0:0:0:
416,192,47250,6,0,L|288:192,1,100.000000596046
316,192,48000,1,0,0:0:0:0:
256,128,48375,1,0,0:0:0:0:
256,256,48750,1,0,0:0:0:0:
128,160,49312,5,0,0:0:0:0:
160,64,49500,1,0,0:0:0:0:
256,64,49875,2,0,L|320:128,2,50.000000298023
256,160,50625,1,0,0:0:0:0:
256,160,51000,1,0,0:0:0:0:
256,160,51375,1,0,0:0:0:0:
416,160,51750,5,0,0:0:0:0:
384,128,52125,2,0,L|320:96,2,50.000000298023
256,96,52875,1,0,0:0:0:0:
128,96,53250,1,0,0:0:0:0:
96,192,53625,1,0,0:0:0:0:
256,192,54000,5,0,0:0:0:0:
288,160,54375,2,0,L|352:96,2,50.000000298023
256,128,55125,1,0,0:0:0:0:
256,256,55500,1,0,0:0:0:0:
192,192,55875,1,0,0:0:0:0:
256,192,56250,5,0,0:0:0:0:
192,128,56625,1,0,0:0:0:0:
256,96,56812,1,0,0:0:0:0:
320,128,57000,1,0,0:0:0:0:
192,224,57375,1,0,0:0:0:0:
256,96,57750,1,0,0:0:0:0:
320,224,58125,1,0,0:0:0:0:
256,192,58500,5,0,0:0:0:0:
256,128,58875,2,0,L|256:64,2,50.000000298023
160,192,59625,1,0,0:0:0:0:
256,128,60000,1,0,0:0:0:0:
352,192,60375,2,0,L|288:288,1,100.000000596046
256,288,61125,5,0,0:0:0:0:
256,192,61312,1,0,0:0:0:0:
256,96,61500,1,0,0:0:0:0:
128,192,61875,1,0,0:0:0:0:
256,96,62250,1,0,0:0:0:0:
384,192,62625,1,0,0:0:0:0:
96,96,63000,5,0,0:0:0:0:
192,64,63375,1,0,0:0:0:0:
192,64,63562,1,0,0:0:0:0:
192,64,63750,1,0,0:0:0:0:
320,64,64125,1,0,0:0:0:0:
416,128,64500,1,0,0:0:0:0:
416,224,64875,1,0,0:0:0:0:
320,320,65250,5,0,0:0:0:0:
192,320,65625,1,0,0:0:0:0:
192,320,65812,1,0,0:0:0:0:
192,320,66000,1,0,0:0:0:0:
128,224,66375,1,0,0:0:0:0:
128,128,66750,1,0,0:0:0:0:
256,96,67312,5,0,0:0:0:0:
256,128,67500,1,0,0:0:0:0:
192,192,67875,1,0,0:0:0:0:
256,224,68062,1,0,0:0:0:0:
320,192,68250,1,0,0:0:0:0:
128,288,68625,5,0,0:0:0:0:
256,320,69000,1,0,0:0:0:0:
384,288,69375,1,0,0:0:0:0:
384,192,69750,5,0,0:0:0:0:
352,96,70125,1,0,0:0:0:0:
352,96,70312,1,0,0:0:0:0:
352,96,70500,1,0,0:0:0:0:
128,192,70875,5,0,0:0:0:0:
256,64,71250,1,0,0:0:0:0:
384,192,71625,1,0,0:0:0:0:
256,224,72000,1,0,0:0:0:0:
160,192,73125,5,0,0:0:0:0:
352,192,74062,1,0,0:0:0:0:
352,192,74250,1,0,0:0:0:0:
288,256,74625,2,0,L|224:256,2,50.000000298023
160,192,75375,1,0,0:0:0:0:
256,96,75750,1,0,0:0:0:0:
256,96,76312,6,0,L|320:96,1,50.000000298023
352,96,76875,2,0,L|352:160,2,50.000000298023
352,192,77625,1,0,0:0:0:0:
256,256,78000,1,0,0:0:0:0:
256,128,78375,1,0,0:0:0:0:
256,128,78750,1,0,0:0:0:0:
256,128,79125,6,0,L|256:192,2,50.000000298023
128,192,79875,1,0,0:0:0:0:
256,256,80250,1,0,0:0:0:0:
384,192,80625,1,0,0:0:0:0:
155,164,81000,6,0,B|177:81|251:113,1,100.000000596046
222,104,81562,1,0,0:0:0:0:
222,104,81750,1,0,0:0:0:0:
256,192,82125,1,0,0:0:0:0:
352,96,82500,1,0,0:0:0:0:
160,96,82875,1,0,0:0:0:0:
357,164,83250,6,0,B|335:81|261:113,1,100.000000596046
290,104,83812,1,0,0:0:0:0:
290,104,84000,1,0,0:0:0:0:
256,192,84375,1,0,0:0:0:0:
160,96,84750,1,0,0:0:0:0:
256,96,85312,6,0,L|256:160,1,50.000000298023
256,192,85875,1,0,0:0:0:0:
256,192,86062,1,0,0:0:0:0:
256,192,86250,1,0,0:0:0:0:
128,224,86625,1,0,0:0:0:0:
256,256,87000,1,0,0:0:0:0:
384,224,87375,1,0,0:0:0:0:
416,192,87750,6,0,L|288:192,1,100.000000596046
192,192,88312,1,0,0:0:0:0:
64,192,88500,1,0,0:0:0:0:
128,256,88875,1,0,0:0:0:0:
256,96,89250,1,0,0:0:0:0:
384,256,89625,1,0,0:0:0:0:
256,288,90000,5,0,0:0:0:0:
256,160,90375,1,0,0:0:0:0:
224,96,90562,1,0,0:0:0:0:
288,96,90750,1,0,0:0:0:0:
160,192,91125,1,0,0:0:0:0:
256,256,91500,1,0,0:0:0:0:
352,192,91875,1,0,0:0:0:0:
160,64,92250,5,0,0:0:0:0:
96,128,92625,2,0,P|76:163|88:193,2,50.000000298023
96,256,93375,1,0,0:0:0:0:
192,320,93750,1,0,0:0:0:0:
256,192,94312,1,0,0:0:0:0:
320,128,94875,2,0,P|339:99|371:93,2,50.000000298023
352,192,95625,5,0,0:0:0:0:
256,256,96000,1,0,0:0:0:0:
160,192,96375,1,0,0:0:0:0:
256,64,97125,5,0,0:0:0:0:
256,160,97312,1,0,0:0:0:0:
256,256,97500,1,0,0:0:0:0:
160,160,97875,1,0,0:0:0:0:
256,256,98250,1,0,0:0:0:0:
384,160,98625,1,0,0:0:0:0:
384,64,99000,5,0,0:0:0:0:
384,128,99375,2,0,L|384:256,1,100.000000596046
384,288,100125,2,0,L|256:288,1,100.000000596046
256,288,100875,1,0,0:0:0:0:
192,288,101250,2,0,L|64:288,1,100.000000596046
96,224,102000,2,0,L|96:96,1,100.000000596046
96,64,102750,1,0,0:0:0:0:
96,64,103125,1,0,0:0:0:0:
96,160,103875,5,0,0:0:0:0:
192,64,104250,1,0,0:0:0:0:
320,64,105000,1,0,0:0:0:0:
416,160,105375,1,0,0:0:0:0:
416,256,106125,1,0,0:0:0:0:
320,352,106500,1,0,0:0:0:0:
192,352,107250,1,0,0:0:0:0:
96,256,107625,1,0,0:0:0:0:
