osu file format v14

[General]
AudioFilename: op.mp3
AudioLeadIn: 0
PreviewTime: 53961
Countdown: 0
SampleSet: Soft
StackLeniency: 0.7
Mode: 0
LetterboxInBreaks: 0
WidescreenStoryboard: 0

[Editor]
Bookmarks: 14749,55364,85364
DistanceSpacing: 1.6
BeatDivisor: 4
GridSize: 4
TimelineZoom: 2

[Metadata]
Title:X.U.
TitleUnicode:「X.U.」
Artist:SawanoHiroyuki[nZk]:Gemie
ArtistUnicode:SawanoHiroyuki[nZk]:Gemie
Creator:mion_6GKM
Version:Pho's Purge
Source:終わりのセラフ
Tags:澤野弘之 seraph of the end owari no seraph op mion game rock Nofool nadapan Pho Sky Trias
BeatmapID:683446
BeatmapSetID:303177

[Difficulty]
HPDrainRate:6
CircleSize:4
OverallDifficulty:8
ApproachRate:9
SliderMultiplier:1.8
SliderTickRate:1

[Events]
//Background and Video events
Video,0,"Owari no Seraph.avi"
0,0,"BG.jpg",0,0
//Break Periods
//Storyboard Layer 0 (Background)
//Storyboard Layer 1 (Fail)
//Storyboard Layer 2 (Pass)
//Storyboard Layer 3 (Foreground)
//Storyboard Sound Samples

[TimingPoints]
576,472.44094488189,4,2,1,75,1,0
8135,-111.111111111111,4,2,1,30,0,0
8489,-125,4,2,1,25,0,0
8843,-142.857142857143,4,2,1,20,0,0
9198,-166.666666666667,4,2,1,15,0,0
10024,-100,4,2,1,60,0,0
13922,-100,4,2,1,40,0,0
14040,-100,4,2,1,60,0,0
14276,-100,4,2,1,30,0,0
14394,-100,4,2,1,60,0,0
14631,-100,4,2,1,20,0,0
14749,-100,4,2,1,60,0,0
14985,-100,4,2,1,10,0,0
15103,-100,4,2,1,60,0,0
15812,-100,4,2,1,40,0,0
15930,-100,4,2,1,60,0,0
16166,-100,4,2,1,30,0,0
16284,-100,4,2,1,60,0,0
16520,-100,4,2,1,20,0,0
16638,-100,4,2,1,60,0,0
16875,-100,4,2,1,10,0,0
16993,-100,4,2,1,60,0,0
17583,-83.3333333333333,4,2,1,60,0,0
21363,-83.3333333333333,4,2,1,40,0,0
21717,-83.3333333333333,4,2,1,30,0,0
22072,-83.3333333333333,4,2,1,40,0,0
22426,-83.3333333333333,4,2,1,30,0,0
22780,-83.3333333333333,4,2,1,40,0,0
25142,-90.9090909090909,4,2,1,60,0,0
32701,-90.9090909090909,4,2,1,70,0,0
36481,-90.9090909090909,4,2,1,80,0,0
39788,-90.9090909090909,4,2,1,90,0,0
40259,-111.111111111111,4,2,3,50,0,0
52426,-111.111111111111,4,2,3,30,0,0
54199,-100,4,2,3,45,0,0
54788,-100,4,2,3,30,0,0
55142,-100,4,2,3,60,0,0
55379,-76.9230769230769,4,2,2,80,0,1
62820,-76.9230769230769,4,2,2,80,0,0
62938,-76.9230769230769,4,2,2,80,0,1
69434,-76.9230769230769,4,2,2,85,0,1
69788,-76.9230769230769,4,2,2,90,0,1
70438,-76.9230769230769,4,2,2,90,0,0
70497,-76.9230769230769,4,2,2,75,0,1
70556,-76.9230769230769,4,2,2,75,0,0
78056,-76.9230769230769,4,2,2,80,0,1
78174,-76.9230769230769,4,2,2,80,0,0


[Colours]
Combo1 : 251,251,0
Combo2 : 0,128,192
Combo3 : 0,128,0
Combo4 : 174,0,87
Combo5 : 84,0,168
Combo6 : 230,115,0

[HitObjects]
88,80,339,5,0,0:0:0:0:
120,104,457,1,0,0:0:0:0:
152,132,576,6,0,P|181:141|209:144,1,45,4|0,0:0|0:0,0:0:0:0:
315,189,812,2,0,P|283:193|251:205,1,45,2|0,0:0|0:0,0:0:0:0:
128,272,1048,1,2,0:0:0:0:
204,352,1166,2,0,L|208:244,1,90
188,236,1520,6,0,P|158:236|132:248,1,45
220,372,1757,2,0,P|248:372|280:360,1,45,2|0,0:0|0:0,0:0:0:0:
360,276,1993,1,2,0:0:0:0:
448,368,2111,2,0,L|452:260,1,90
360,180,2465,6,0,P|332:168|292:176,1,45
432,96,2701,2,0,P|453:95|476:80,1,45,2|0,0:0|0:0,0:0:0:0:
432,208,2938,1,2,0:0:0:0:
352,84,3056,2,0,P|292:60|240:68,1,90,0|2,0:0|0:0,0:0:0:0:
117,135,3410,6,0,P|113:167|117:191,1,45
191,81,3646,2,0,P|195:49|191:25,1,45,2|0,0:0|0:0,0:0:0:0:
63,57,3883,2,0,B|120:60,1,45,2|0,0:0|0:0,0:0:0:0:
190,163,4119,2,0,B|235:167,1,45
407,174,4355,5,0,0:0:0:0:
297,121,4473,1,0,0:0:0:0:
253,240,4591,2,0,L|258:297,1,45,2|0,0:0|0:0,0:0:0:0:
324,381,4827,1,2,0:0:0:0:
391,316,4946,2,0,B|403:244|395:220|395:220,1,90
483,91,5300,6,0,P|483:119|475:139,1,45
343,72,5536,2,0,P|336:93|337:115,1,45,2|0,0:0|0:0,0:0:0:0:
399,202,5772,1,2,0:0:0:0:
290,233,5890,2,0,L|192:225,1,90
67,142,6245,6,0,P|89:140|111:146,1,45
59,286,6481,2,0,P|82:290|104:285,1,45,2|0,0:0|0:0,0:0:0:0:
180,224,6717,1,2,0:0:0:0:
289,321,6835,2,0,P|293:269|281:205,1,90,0|2,0:0|0:0,0:0:0:0:
271,39,7190,5,0,0:0:0:0:
229,175,7308,1,0,0:0:0:0:
341,101,7426,2,0,L|420:94,1,45,2|0,0:0|0:0,0:0:0:0:
453,44,7662,1,2,0:0:0:0:
494,176,7780,2,2,P|486:229|453:264,1,90,0|0,0:1|0:1,0:1:0:0:
269,209,8135,6,2,P|257:178|254:121,1,80.9999975280763,0|0,0:1|0:1,0:1:0:0:
381,270,8489,6,2,P|373:315|359:338,1,72,0|0,0:1|0:1,0:1:0:0:
179,286,8843,6,2,P|174:244|193:214,1,62.9999980773926,0|0,0:1|0:1,0:1:0:0:
277,128,9198,6,0,L|263:269,1,134.999995880127,2|0,0:2|0:0,0:1:0:0:
194,159,9906,1,0,0:0:0:0:
117,128,10024,2,0,P|84:130|59:139,2,45
230,327,10497,6,0,P|194:343|122:343,1,90
108,343,10851,1,0,0:0:0:0:
72,335,10969,1,0,0:0:0:0:
36,328,11087,1,0,0:0:0:0:
1,318,11205,1,0,0:0:0:0:
96,196,11442,6,0,P|152:208|200:240,1,90
186,185,11796,1,0,0:0:0:0:
209,157,11914,1,2,0:0:0:0:
239,137,12032,1,0,0:0:0:0:
274,133,12150,1,0,0:0:0:0:
309,143,12268,2,0,P|326:101|325:47,2,90,2|2|0,0:0|0:0|0:0,0:0:0:0:
296,296,12859,5,2,0:0:0:0:
326,315,12977,1,0,0:0:0:0:
361,318,13095,1,0,0:0:0:0:
395,307,13213,2,0,P|443:283|491:291,2,90,2|2|0,0:0|0:0|0:0,0:0:0:0:
269,232,13804,5,0,0:0:0:0:
269,232,13922,2,0,L|253:172,1,45,2|0,0:1|0:0,0:0:0:0:
459,177,14158,1,0,0:0:0:0:
459,177,14276,2,0,L|475:117,1,45,2|0,0:1|0:0,0:0:0:0:
340,22,14513,1,0,0:0:0:0:
340,22,14631,2,0,L|356:82,1,45,2|0,0:1|0:0,0:0:0:0:
172,22,14867,1,0,0:0:0:0:
172,22,14985,2,0,L|156:82,1,45,2|0,0:1|0:0,0:0:0:0:
100,196,15221,5,0,0:0:0:0:
72,176,15339,1,0,0:0:0:0:
228,192,15457,5,0,0:0:0:0:
256,208,15576,1,0,0:0:0:0:
160,320,15694,5,0,0:0:0:0:
149,344,15812,2,0,P|101:376|58:376,1,90,2|0,0:1|0:0,0:0:0:0:
185,323,16166,2,0,P|237:291|285:303,1,90,2|0,0:1|0:0,0:0:0:0:
384,328,16520,6,0,L|376:376,1,45,2|0,0:1|0:0,0:0:0:0:
477,265,16757,1,0,0:0:0:0:
477,265,16875,2,0,L|457:209,1,45,2|0,0:1|0:0,0:0:0:0:
301,147,17111,2,0,P|309:183|321:195,1,45
499,76,17347,2,2,P|494:56|469:29,1,45
389,197,17583,6,0,B|365:241|405:261|389:325,1,107.999996704102,2|0,0:0|0:0,0:0:0:0:
310,360,17938,1,2,0:0:0:0:
252,276,18056,2,0,P|192:264|144:280,1,107.999996704102,0|2,0:0|0:0,0:0:0:0:
148,277,18410,2,0,P|142:308|148:353,1,53.9999983520508
235,194,18646,5,2,0:0:0:0:
235,194,18764,2,0,P|243:170|239:138,1,53.9999983520508
94,69,19001,2,0,P|65:55|38:57,1,53.9999983520508,2|0,0:0|0:0,0:0:0:0:
200,12,19237,2,0,P|265:47|318:40,1,107.999996704102,2|2,0:0|0:0,0:0:0:0:
335,126,19591,6,0,L|335:189,1,53.9999983520508
410,60,19827,1,2,0:0:0:0:
458,160,19946,2,0,P|488:162|529:157,1,53.9999983520508
374,253,20182,2,0,P|343:261|303:256,1,53.9999983520508,2|0,0:0|0:0,0:0:0:0:
248,160,20418,5,2,0:0:0:0:
248,160,20536,1,0,0:0:0:0:
124,181,20654,2,0,L|126:252,1,53.9999983520508,2|0,0:0|0:0,0:0:0:0:
16,347,20890,1,0,0:0:0:0:
16,347,21009,2,0,P|63:309|131:318,1,107.999996704102,2|0,0:0|0:0,0:0:0:0:
270,371,21363,6,2,P|329:368|397:345,1,107.999996704102,2|2,0:1|0:1,0:1:0:0:
375,354,21717,2,0,B|368:247,1,107.999996704102,2|0,0:1|0:1,0:1:0:0:
218,178,22072,2,2,P|161:209|108:205,1,107.999996704102,2|2,0:1|0:1,0:1:0:0:
119,208,22426,2,0,L|96:84,1,107.999996704102,2|0,0:1|0:1,0:1:0:0:
12,24,22780,6,0,P|4:59|15:92,1,53.9999983520508,2|0,0:1|0:0,0:0:0:0:
185,58,23016,2,0,P|177:31|162:11,1,53.9999983520508,2|0,0:1|0:0,0:0:0:0:
78,174,23253,2,0,P|98:196|139:213,2,53.9999983520508
167,333,23607,2,0,P|197:327|232:300,2,53.9999983520508
358,340,23961,6,0,P|368:312|362:268,1,53.9999983520508,2|0,0:1|0:0,0:0:0:0:
284,123,24198,1,2,0:1:0:0:
278,209,24316,1,0,0:0:0:0:
356,172,24434,1,2,0:1:0:0:
361,85,24552,1,0,0:0:0:0:
289,36,24670,1,0,0:0:0:0:
208,68,24788,1,2,0:1:0:0:
201,154,24906,6,0,B|202:186|202:186|183:210|183:210|191:234|192:255,1,107.999996704102,2|2,0:0|0:0,0:0:0:0:
191,275,25379,6,0,P|162:283|123:282,1,49.5000015106202,2|0,0:0|0:0,0:0:0:0:
289,366,25615,1,0,0:0:0:0:
289,366,25733,2,0,P|315:356|340:357,1,49.5000015106202,2|0,0:0|0:0,0:0:0:0:
492,373,25969,1,0,0:0:0:0:
436,295,26087,2,0,B|436:267|436:267|414:226|414:226|418:201,1,99.0000030212403,2|0,0:0|0:0,0:0:0:0:
418,111,26442,1,0,0:0:0:0:
329,90,26560,2,0,L|278:85,1,49.5000015106202
128,128,26796,6,0,P|121:165|132:204,1,49.5000015106202,2|0,0:0|0:0,0:0:0:0:
199,296,27032,2,0,P|206:259|195:220,1,49.5000015106202,2|0,0:0|0:0,0:0:0:0:
55,244,27268,1,2,0:0:0:0:
55,244,27387,2,0,L|60:306,1,49.5000015106202
198,368,27623,2,0,P|251:371|306:362,1,99.0000030212403,2|0,0:0|0:0,0:0:0:0:
466,310,27977,6,0,P|412:303|360:285,1,99.0000030212403,2|2,0:0|0:0,0:0:0:0:
299,187,28331,1,0,0:0:0:0:
217,283,28450,2,0,L|210:208,1,49.5000015106202,2|0,0:0|0:0,0:0:0:0:
68,226,28686,1,2,0:0:0:0:
72,280,28804,1,0,0:0:0:0:
152,160,28922,5,2,0:0:0:0:
149,104,29040,1,0,0:0:0:0:
55,141,29158,6,0,P|18:148|0:167,1,49.5000015106202,2|0,0:0|0:0,0:0:0:0:
160,247,29394,1,0,0:0:0:0:
160,247,29513,2,0,L|278:231,1,99.0000030212403,2|0,0:0|0:0,0:0:0:0:
401,333,29867,2,0,P|392:268|414:213,1,99.0000030212403,2|0,0:0|0:0,0:0:0:0:
470,38,30339,2,0,P|401:56|357:40,1,99.0000030212403,0|2,0:0|0:0,0:0:0:0:
301,116,30694,1,0,0:0:0:0:
221,48,30812,6,0,L|150:51,1,49.5000015106202,2|0,0:0|0:0,0:0:0:0:
57,149,31048,2,0,P|56:120|60:99,1,49.5000015106202,2|0,0:0|0:0,0:0:0:0:
120,221,31284,1,0,0:0:0:0:
194,145,31402,2,0,P|267:152|289:214,1,99.0000030212403,2|0,0:0|0:0,0:0:0:0:
208,252,31757,6,0,P|185:270|173:307,1,49.5000015106202,2|0,0:0|0:0,0:0:0:0:
392,220,31993,2,0,P|420:224|448:250,1,49.5000015106202,2|0,0:0|0:0,0:0:0:0:
313,301,32229,1,0,0:0:0:0:
313,301,32347,2,0,L|283:178,1,99.0000030212403,2|0,0:0|0:0,0:0:0:0:
336,28,32701,6,0,P|355:19|391:19,1,49.5000015106202,2|0,0:0|0:0,0:0:0:0:
503,115,32938,2,0,P|474:129|441:118,1,49.5000015106202,2|0,0:0|0:0,0:0:0:0:
312,104,33174,1,0,0:0:0:0:
368,224,33292,2,0,L|353:347,1,99.0000030212403,2|0,0:0|0:0,0:0:0:0:
215,358,33646,6,0,P|144:362|102:333,1,99.0000030212403,2|0,0:0|0:0,0:0:0:0:
120,338,34119,2,0,L|125:287,1,49.5000015106202
48,201,34355,2,0,L|43:150,1,49.5000015106202,2|0,0:0|0:0,0:0:0:0:
120,31,34591,5,2,0:0:0:0:
132,84,34709,1,0,0:0:0:0:
246,163,34827,5,2,0:0:0:0:
257,109,34946,1,0,0:0:0:0:
394,66,35064,5,0,0:0:0:0:
425,112,35182,2,0,P|366:146|309:129,1,99.0000030212403,2|0,0:0|0:0,0:0:0:0:
150,71,35536,2,0,P|146:47|155:12,1,49.5000015106202,2|0,0:0|0:0,0:0:0:0:
361,22,35772,2,0,P|365:46|362:71,1,49.5000015106202,2|0,0:0|0:0,0:0:0:0:
185,184,36009,5,2,0:0:0:0:
137,158,36127,1,0,0:0:0:0:
327,184,36245,5,2,0:0:0:0:
375,158,36363,1,0,0:0:0:0:
393,301,36481,6,0,P|347:324|277:282,1,99.0000030212403,2|2,0:0|0:0,0:0:0:0:
211,243,36835,1,0,0:0:0:0:
106,330,36953,1,0,0:0:0:0:
106,330,37072,2,0,L|97:194,1,99.0000030212403,2|0,0:0|0:0,0:0:0:0:
99,39,37426,6,0,P|123:45|156:62,1,49.5000015106202,2|0,0:0|0:0,0:0:0:0:
336,117,37662,2,0,P|312:123|279:140,1,49.5000015106202,2|0,0:0|0:0,0:0:0:0:
115,240,37898,2,0,L|111:185,1,49.5000015106202
234,298,38135,2,0,L|230:366,1,49.5000015106202,2|0,0:0|0:0,0:0:0:0:
382,338,38371,5,2,0:0:0:0:
363,286,38489,1,0,0:0:0:0:
248,162,38607,5,2,0:0:0:0:
262,109,38725,1,0,0:0:0:0:
367,1,38843,5,0,0:0:0:0:
441,74,38961,2,0,P|452:150|426:211,1,99.0000030212403,2|0,0:0|0:0,0:0:0:0:
421,240,39316,1,2,0:0:0:0:
363,286,39434,1,0,0:0:0:0:
288,288,39552,1,2,0:0:0:0:
227,243,39670,1,0,0:0:0:0:
153,232,39788,1,2,0:0:0:0:
107,302,39906,5,0,0:0:0:0:
169,245,40024,1,2,0:0:0:0:
169,160,40142,1,0,0:0:0:0:
119,91,40261,6,0,P|169:65|218:70,2,80.9999975280763,4|0|2,0:0|0:0|0:0,0:0:0:0:
78,223,40851,2,0,P|73:251|82:292,1,40.4999987640381
138,181,41087,2,0,P|164:171|195:143,1,40.4999987640381,2|0,0:0|0:0,0:0:0:0:
68,150,41324,2,0,P|49:128|11:109,1,40.4999987640381
0,243,41560,2,0,B|-12:307|-2:343|-2:343|22:307,1,121.499996292114,2|0,0:0|0:0,0:0:0:0:
205,268,42150,6,0,P|229:279|251:302,1,40.4999987640381
301,201,42387,2,0,P|312:225|314:256,1,40.4999987640381
424,249,42623,2,0,P|416:275|398:300,1,40.4999987640381,2|0,0:0|0:0,0:0:0:0:
325,380,42859,1,0,0:0:0:0:
325,380,42977,2,0,P|316:331|321:282,1,80.9999975280763
242,164,43331,2,0,P|251:212|246:262,1,80.9999975280763,2|0,0:0|0:0,0:0:0:0:
145,292,43686,1,0,0:0:0:0:
60,206,43804,6,0,P|67:175|89:147,1,40.4999987640381
201,101,44040,2,0,P|170:110|135:105,1,40.4999987640381
44,34,44276,2,0,P|67:55|80:88,1,40.4999987640381
165,183,44513,2,0,P|219:176|265:146,1,80.9999975280763,2|0,0:0|0:0,0:0:0:0:
286,49,44867,2,0,L|285:-5,1,40.4999987640381
259,143,45103,1,0,0:0:0:0:
362,104,45221,2,0,P|387:94|467:129,1,80.9999975280763,2|0,0:0|0:0,0:0:0:0:
300,214,45576,2,0,P|274:223|195:189,1,80.9999975280763
260,92,45930,6,0,L|262:132,1,40.4999987640381
396,184,46166,2,0,L|391:224,1,40.4999987640381
333,360,46402,2,0,P|327:323|334:263,1,80.9999975280763,2|0,0:0|0:0,0:0:0:0:
182,279,46757,2,0,P|185:320|179:360,1,80.9999975280763
98,312,47111,2,0,L|39:312,1,40.4999987640381,2|0,0:0|0:0,0:0:0:0:
103,191,47347,1,0,0:0:0:0:
103,191,47465,2,0,L|152:189,1,40.4999987640381
221,200,47701,1,0,0:0:0:0:
265,267,47820,6,0,L|329:258,1,40.4999987640381,2|0,0:0|0:0,0:0:0:0:
429,311,48056,2,0,L|365:302,1,40.4999987640381
336,184,48292,2,0,P|326:135|337:88,1,80.9999975280763,2|0,0:0|0:0,0:0:0:0:
416,32,48646,1,2,0:0:0:0:
416,32,48764,2,0,P|426:81|423:106,1,40.4999987640381
411,179,49001,1,0,0:0:0:0:
256,144,49119,2,0,L|265:239,1,80.9999975280763,2|0,0:0|0:0,0:0:0:0:
216,112,49473,2,0,P|208:76|211:57,1,40.4999987640381
52,48,49709,6,0,L|-7:69,1,40.4999987640381
144,136,49946,2,0,L|85:157,1,40.4999987640381
30,237,50182,2,0,P|83:260|136:249,1,80.9999975280763,2|0,0:0|0:0,0:0:0:0:
221,327,50536,2,0,L|211:267,1,40.4999987640381,2|0,0:0|0:0,0:0:0:0:
304,222,50772,1,0,0:0:0:0:
304,222,50890,2,0,L|314:162,1,40.4999987640381
150,87,51127,2,0,P|155:120|174:147,1,40.4999987640381,2|0,0:0|0:0,0:0:0:0:
337,65,51363,2,0,P|348:42|346:9,1,40.4999987640381
255,124,51599,5,0,0:0:0:0:
192,312,51835,1,0,0:0:0:0:
75,142,52072,2,0,P|71:86|88:36,1,80.9999975280763,2|0,0:0|0:0,0:0:0:0:
160,21,52426,1,0,0:0:0:0:
160,21,52544,2,0,L|213:22,1,40.4999987640381
374,78,52780,2,0,P|353:101|326:112,1,40.4999987640381,2|0,0:0|0:0,0:0:0:0:
140,107,53016,2,0,P|163:128|174:154,1,40.4999987640381
352,268,53253,2,0,P|329:247|318:220,1,40.4999987640381,2|0,0:0|0:0,0:0:0:0:
153,323,53489,6,0,P|174:300|236:286,1,80.9999975280763
335,367,53961,2,0,L|247:360,1,80.9999975280763,2|0,0:0|0:0,0:0:0:0:
189,238,54316,2,0,L|179:184,1,45,2|0,0:0|0:0,0:0:0:0:
332,124,54552,2,0,L|324:169,1,45,2|0,0:0|0:0,0:0:0:0:
176,68,54788,2,0,P|209:24|261:14,1,90,2|0,0:0|0:0,0:0:0:0:
436,36,55142,2,0,L|424:80,1,45,2|0,0:2|0:0,0:0:0:0:
255,205,55379,6,0,P|247:132|264:50,1,116.999994644165,4|0,0:0|0:0,0:0:0:0:
467,190,55851,2,0,P|399:192|334:186,1,116.999994644165,8|2,0:0|0:0,0:0:0:0:
330,73,56205,1,0,0:0:0:0:
428,8,56324,2,0,P|458:7|493:11,1,58.4999973220826
470,138,56560,1,0,0:0:0:0:
470,138,56796,2,0,P|486:199|471:259,1,116.999994644165,8|2,0:0|0:0,0:0:0:0:
186,208,57268,6,0,P|97:214|59:261,1,116.999994644165,0|2,0:0|0:0,0:0:0:0:
190,314,57623,1,0,0:0:0:0:
190,314,57741,2,0,L|320:298,1,116.999994644165,8|2,0:0|0:0,0:0:0:0:
407,301,58095,1,0,0:0:0:0:
331,373,58213,1,0,0:0:0:0:
360,245,58331,1,0,0:0:0:0:
478,302,58449,1,0,0:0:0:0:
474,316,58686,2,0,L|471:155,1,116.999994644165,8|2,0:0|0:0,0:0:0:0:
328,148,59040,1,0,0:0:0:0:
400,9,59158,6,0,P|438:71|416:118,1,116.999994644165,0|2,0:0|0:0,0:0:0:0:
201,195,59631,2,0,P|200:138|243:102,1,116.999994644165,8|2,0:0|0:0,0:0:0:0:
271,280,59985,1,0,0:0:0:0:
100,242,60103,2,0,L|3:224,1,58.4999973220826
194,345,60339,1,0,0:0:0:0:
194,345,60576,2,0,L|323:337,1,116.999994644165,8|2,0:0|0:0,0:0:0:0:
378,237,60930,1,0,0:0:0:0:
507,338,61048,6,2,P|439:361|367:313,1,116.999994644165,0|2,0:0|0:0,0:0:0:0:
282,81,61520,2,0,L|296:246,1,116.999994644165,8|2,0:0|0:0,0:0:0:0:
184,272,61875,1,0,0:0:0:0:
87,180,61993,2,0,L|0:170,1,58.4999973220826
154,48,62229,2,0,L|232:32,1,58.4999973220826,2|0,0:0|0:0,0:0:0:0:
360,176,62465,5,8,0:0:0:0:
296,128,62583,1,0,0:0:0:0:
312,48,62701,1,0,0:0:0:0:
392,20,62820,1,0,0:0:0:0:
458,69,62938,6,0,P|487:142|478:220,1,116.999994644165,4|0,0:0|0:0,0:0:0:0:
268,253,63410,2,0,P|215:235|153:237,1,116.999994644165,8|2,0:0|0:0,0:0:0:0:
32,285,63764,1,0,0:0:0:0:
155,285,63883,1,0,0:0:0:0:
77,351,64001,1,0,0:0:0:0:
84,212,64119,1,0,0:0:0:0:
86,187,64355,2,0,P|174:211|218:201,1,116.999994644165,8|2,0:0|0:0,0:0:0:0:
474,183,64827,6,0,P|386:207|342:197,1,116.999994644165,0|2,0:0|0:0,0:0:0:0:
255,116,65182,1,0,0:0:0:0:
233,270,65300,2,0,L|231:349,1,58.4999973220826,8|0,0:0|0:0,0:0:0:0:
143,222,65536,2,0,L|145:143,1,58.4999973220826,2|0,0:0|0:0,0:0:0:0:
55,36,65772,2,0,L|49:177,1,116.999994644165
213,12,66245,1,8,0:0:0:0:
293,247,66481,1,2,0:0:0:0:
460,58,66717,6,0,L|322:54,1,116.999994644165,0|2,0:0|0:0,0:0:0:0:
226,133,67072,1,0,0:0:0:0:
369,243,67190,2,0,P|376:203|371:175,1,58.4999973220826,8|0,0:0|0:0,0:0:0:0:
232,287,67426,2,0,P|225:327|230:355,1,58.4999973220826,2|0,0:0|0:0,0:0:0:0:
422,336,67662,6,0,L|284:322,1,116.999994644165,0|2,0:0|0:0,0:0:0:0:
232,217,68016,1,0,0:0:0:0:
126,211,68135,1,8,0:0:0:0:
176,303,68253,1,0,0:0:0:0:
247,226,68371,5,2,0:0:0:0:
144,202,68489,1,0,0:0:0:0:
166,303,68607,2,0,L|312:269,1,116.999994644165,0|2,0:0|0:0,0:0:0:0:
330,179,68961,1,0,0:0:0:0:
429,325,69079,6,0,L|416:242,1,58.4999973220826,8|0,0:0|0:0,0:0:0:0:
304,184,69316,1,2,0:0:0:0:
394,94,69434,6,0,L|406:36,1,58.4999973220826,8|0,0:0|0:0,0:0:0:0:
276,20,69670,1,0,0:0:0:0:
159,95,69788,5,8,0:0:0:0:
263,155,69906,1,8,0:0:0:0:
159,216,70024,1,8,0:0:0:0:
229,95,70142,5,8,0:0:0:0:
229,216,70261,1,8,0:0:0:0:
123,157,70379,1,8,0:0:0:0:
260,76,70497,6,0,P|316:59|387:66,1,116.999994644165,4|0,0:0|0:0,0:0:0:0:
512,283,70969,2,0,L|382:267,1,116.999994644165,8|2,0:0|0:0,0:0:0:0:
212,232,71324,1,0,0:0:0:0:
304,312,71442,2,0,L|310:382,2,58.4999973220826
316,296,71914,2,0,L|323:144,1,116.999994644165,8|2,0:0|0:0,0:0:0:0:
248,72,72268,1,0,0:0:0:0:
108,125,72387,6,0,P|121:192|182:254,1,116.999994644165,0|2,0:0|0:0,0:0:0:0:
361,265,72859,2,0,L|242:276,1,116.999994644165,8|2,0:0|0:0,0:0:0:0:
86,315,73213,1,0,0:0:0:0:
179,384,73331,2,0,L|169:311,1,58.4999973220826
280,162,73568,1,0,0:0:0:0:
265,180,73804,2,0,L|253:337,1,116.999994644165,8|2,0:0|0:0,0:0:0:0:
164,204,74158,1,0,0:0:0:0:
164,204,74276,6,0,P|169:135|206:93,1,116.999994644165,0|2,0:0|0:0,0:0:0:0:
332,277,74749,1,8,0:0:0:0:
465,134,74985,2,0,L|464:213,1,58.4999973220826,2|0,0:0|0:0,0:0:0:0:
290,170,75221,1,0,0:0:0:0:
333,67,75339,2,0,L|413:65,1,58.4999973220826
408,75,75694,2,0,P|331:102|265:82,1,116.999994644165,8|2,0:0|0:0,0:0:0:0:
172,45,76048,1,0,0:0:0:0:
125,213,76166,6,0,L|124:334,1,116.999994644165,0|2,0:0|0:0,0:0:0:0:
40,152,76638,2,0,P|96:111|151:111,1,116.999994644165,8|2,0:0|0:0,0:0:0:0:
230,178,76993,1,0,0:0:0:0:
344,98,77111,1,0,0:0:0:0:
226,94,77229,1,0,0:0:0:0:
292,216,77347,1,0,0:0:0:0:
310,239,77583,2,0,L|454:225,1,116.999994644165,8|8,0:0|0:3,0:0:0:0:
448,112,77938,1,0,0:0:0:0:
256,16,78056,6,0,P|265:86|245:187,1,116.999994644165,4|2,0:0|0:0,0:0:0:0:
91,308,78528,2,0,P|101:260|167:205,1,116.999994644165,8|2,0:0|0:0,0:0:0:0:
315,185,78883,1,0,0:0:0:0:
238,297,79001,2,0,L|179:297,1,58.4999973220826
70,171,79237,1,0,0:0:0:0:
345,47,79473,2,0,P|273:29|205:51,1,116.999994644165,8|2,0:0|0:0,0:0:0:0:
184,127,79827,5,0,0:0:0:0:
184,127,79946,2,0,L|194:249,1,116.999994644165,0|2,0:0|0:0,0:0:0:0:
372,344,80418,2,0,P|347:290|389:215,1,116.999994644165,8|2,0:0|0:0,0:0:0:0:
512,154,80772,1,0,0:0:0:0:
466,280,80890,2,0,L|448:224,1,58.4999973220826
483,67,81127,1,0,0:0:0:0:
225,93,81363,2,0,L|75:86,1,116.999994644165,8|2,0:0|0:0,0:0:0:0:
35,194,81717,1,0,0:0:0:0:
102,331,81835,6,0,P|184:291|207:244,1,116.999994644165,0|2,0:0|0:0,0:0:0:0:
410,331,82308,2,0,P|328:291|305:244,1,116.999994644165,8|2,0:0|0:0,0:0:0:0:
310,158,82662,1,0,0:0:0:0:
417,175,82780,2,0,L|397:248,1,58.4999973220826
256,371,83016,2,0,L|256:306,1,58.4999973220826,2|0,0:0|0:0,0:0:0:0:
197,94,83253,2,0,P|125:93|68:159,1,116.999994644165,8|2,0:0|0:0,0:0:0:0:
19,289,83607,1,0,0:0:0:0:
19,289,83725,6,0,L|115:297,1,58.4999973220826
264,312,83961,2,0,P|269:343|255:394,1,58.4999973220826,8|0,0:0|0:0,0:0:0:0:
162,219,84198,2,0,P|155:177|176:132,1,58.4999973220826,8|0,0:0|0:0,0:0:0:0:
346,11,84434,1,0,0:0:0:0:
346,11,84552,2,0,P|366:48|362:98,1,58.4999973220826,8|0,0:0|0:0,0:0:0:0:
255,185,84788,1,0,0:0:0:0:
188,46,84906,5,8,0:0:0:0:
289,67,85024,1,8,0:0:0:0:
167,123,85142,5,8,0:0:0:0:
255,185,85261,1,8,0:0:0:0:
124,195,85379,5,8,0:0:0:0:
172,290,85497,1,8,0:0:0:0:
