osu file format v14

[General]
AudioFilename: audio.mp3
AudioLeadIn: 0
PreviewTime: -1
Countdown: 0
SampleSet: Normal
StackLeniency: 0.7
Mode: 0
LetterboxInBreaks: 0
WidescreenStoryboard: 0

[Editor]
DistanceSpacing: 0.6
BeatDivisor: 16
GridSize: 4
TimelineZoom: 5.899998

[Metadata]
Title:Judgment
TitleUnicode:Judgment
Artist:Kensuke Ushio
ArtistUnicode:Kensuke Ushio
Creator:killaash
Version:Final Judgment
Source:Devilman Crybaby
Tags:Devilman Crybaby, Anime OST, Japanese
BeatmapID:2670695
BeatmapSetID:1286232

[Difficulty]
HPDrainRate:6
CircleSize:4
OverallDifficulty:10
ApproachRate:10
SliderMultiplier:1.10000000596046
SliderTickRate:1

[Events]
//Background and Video events
0,0,"YzjKuxW.jpg",0,0
//Break Periods
2,44921,46290
//Storyboard Layer 0 (Background)
//Storyboard Layer 1 (Fail)
//Storyboard Layer 2 (Pass)
//Storyboard Layer 3 (Foreground)
//Storyboard Layer 4 (Overlay)
//Storyboard Sound Samples

[TimingPoints]
500,461.538461538462,4,1,0,100,1,0
49307,-66.6666666666667,4,1,0,100,0,0
61278,-33.3333333333333,4,1,0,100,0,0
65057,-25,4,1,0,100,0,0
67798,-33.3333333333333,4,1,0,100,0,0
70625,-25,4,1,0,100,0,0
71548,-33.3333333333333,4,1,0,100,0,0
74346,-25,4,1,0,100,0,0
75240,-33.3333333333333,4,1,0,100,0,0
78932,-33.3333333333333,4,1,0,100,0,0
81730,-25,4,1,0,100,0,0
82625,-33.3333333333333,4,1,0,100,0,0
86375,-33.3333333333333,4,1,0,100,0,0


[HitObjects]
256,189,500,5,0,0:0:0:0:
256,192,961,12,0,3730,0:0:0:0:
255,190,4192,5,0,0:0:0:0:
256,192,4653,12,0,7423,0:0:0:0:
256,191,7884,5,0,0:0:0:0:
256,192,8346,12,0,11115,0:0:0:0:
255,191,11576,5,0,0:0:0:0:
256,192,12038,12,0,14807,0:0:0:0:
261,62,15269,6,0,B|154:160|202:285|383:336,1,385.000002086161
125,55,18961,6,0,P|132:226|314:308,1,385.000002086161
257,191,22423,5,0,0:0:0:0:
203,69,22653,2,0,B|333:152|247:292|441:354,1,385.000002086161
287,331,26346,6,0,P|375:302|280:104,1,385.000002086161
189,69,30038,2,0,B|120:146|192:296|328:315|378:334,1,385.000002086161
240,341,33730,2,0,B|327:261|235:168|192:82|393:59,1,385.000002086161
133,113,37192,5,0,0:0:0:0:
212,63,37423,2,0,P|320:185|174:297,1,385.000002086161
218,76,41115,6,0,P|352:170|216:298,1,385.000002086161
256,192,42961,12,0,44721,0:0:0:0:
217,325,46740,5,0,0:0:0:0:
380,171,47086,1,0,0:0:0:0:
175,161,47432,1,0,0:0:0:0:
261,82,47663,5,0,0:0:0:0:
405,308,48009,1,0,0:0:0:0:
124,281,48355,1,0,0:0:0:0:
256,192,48586,1,0,0:0:0:0:
395,111,48932,1,0,0:0:0:0:
135,82,49278,5,0,0:0:0:0:
116,146,49509,2,0,P|130:313|155:318,1,237.18751033321
328,333,50432,5,0,0:0:0:0:
415,124,50778,1,0,0:0:0:0:
160,197,51125,1,0,0:0:0:0:
415,124,51355,1,0,0:0:0:0:
136,84,51730,1,0,0:0:0:0:
388,255,52048,1,0,0:0:0:0:
133,317,52250,1,0,0:0:0:0:
388,255,52653,1,0,0:0:0:0:
141,80,52971,1,0,0:0:0:0:
284,65,53201,6,0,P|324:249|289:280,1,257.81251123175
118,140,54125,1,0,0:0:0:0:
401,253,54471,1,0,0:0:0:0:
129,353,54817,1,0,0:0:0:0:
401,253,55048,1,0,0:0:0:0:
154,98,55423,1,0,0:0:0:0:
401,253,55769,1,0,0:0:0:0:
155,343,55971,1,0,0:0:0:0:
266,86,56317,1,0,0:0:0:0:
107,253,56663,1,0,0:0:0:0:
358,61,56894,2,0,P|416:239|402:307,1,257.81251123175
211,57,57817,5,0,0:0:0:0:
92,288,58163,1,0,0:0:0:0:
393,162,58509,1,0,0:0:0:0:
258,303,58740,1,0,0:0:0:0:
238,46,59086,1,0,0:0:0:0:
391,239,59461,1,0,0:0:0:0:
138,242,59634,1,0,0:0:0:0:
383,91,60009,1,0,0:0:0:0:
122,84,60355,1,0,0:0:0:0:
345,59,60586,2,0,P|401:239|369:308,1,268.12501168102
171,297,61509,6,0,P|98:210|185:208,1,247.50001078248
257,191,62201,5,0,0:0:0:0:
407,134,62432,2,0,P|475:67|381:88,1,247.50001078248
256,192,63125,1,0,0:0:0:0:
332,303,63355,2,0,P|390:342|371:232,1,247.50001078248
256,192,64048,1,0,0:0:0:0:
58,350,64278,2,0,B|218:260|299:130|396:126|466:45,1,495.000021564959
146,225,65201,6,0,P|168:311|275:189,2,330.000001788138
234,84,66125,1,0,0:0:0:0:
125,210,66471,2,0,P|172:311|229:163,1,357.500001937149
108,72,67048,1,0,0:0:0:0:
409,298,67423,1,0,0:0:0:0:
399,72,67740,1,0,0:0:0:0:
37,351,67971,2,0,L|466:59,1,515.625022463499
394,314,68894,5,0,0:0:0:0:
138,93,69240,1,0,0:0:0:0:
384,93,69615,1,0,0:0:0:0:
129,306,69817,1,0,0:0:0:0:
384,319,70163,1,0,0:0:0:0:
150,66,70509,1,0,0:0:0:0:
172,204,70740,2,0,P|206:312|309:195,2,330.000001788138
40,349,71634,2,0,L|474:31,1,536.250023362039
140,35,72586,5,0,0:0:0:0:
423,325,72932,1,0,0:0:0:0:
104,61,73250,5,0,0:0:0:0:
462,267,73509,1,0,0:0:0:0:
474,54,73855,5,0,0:0:0:0:
75,333,74201,1,0,0:0:0:0:
155,162,74432,6,0,P|163:272|288:163,2,357.500001937149
55,342,75355,2,0,L|468:22,1,515.625022463499
145,65,76278,5,0,0:0:0:0:
389,285,76625,1,0,0:0:0:0:
262,175,76971,1,0,0:0:0:0:
126,289,77201,1,0,0:0:0:0:
407,71,77548,1,0,0:0:0:0:
256,193,77894,1,0,0:0:0:0:
110,61,78125,1,0,0:0:0:0:
444,328,78471,1,0,0:0:0:0:
255,190,78817,1,0,0:0:0:0:
51,37,79048,6,0,L|459:351,1,515.625022463499
256,191,79971,5,0,0:0:0:0:
147,120,80346,1,0,0:0:0:0:
257,338,80692,1,0,0:0:0:0:
257,38,80894,1,0,0:0:0:0:
256,189,81240,1,0,0:0:0:0:
383,137,81586,1,0,0:0:0:0:
115,141,81817,6,0,P|168:291|314:200,2,357.500001937149
459,39,82740,6,0,L|49:351,1,515.625022463499
446,54,83663,5,0,0:0:0:0:
88,328,84009,1,0,0:0:0:0:
414,88,84355,1,0,0:0:0:0:
154,276,84586,1,0,0:0:0:0:
256,189,84932,1,0,0:0:0:0:
369,105,85278,1,0,0:0:0:0:
121,298,85509,1,0,0:0:0:0:
453,36,85855,1,0,0:0:0:0:
48,349,86201,1,0,0:0:0:0:
456,33,86432,2,0,L|34:359,1,515.625022463499
125,67,87355,5,0,0:0:0:0:
395,293,87701,1,0,0:0:0:0:
192,134,88048,1,0,0:0:0:0:
326,248,88278,1,0,0:0:0:0:
258,191,88625,1,0,0:0:0:0:
156,104,88971,1,0,0:0:0:0:
384,295,89201,1,0,0:0:0:0:
64,36,89548,1,0,0:0:0:0:
462,354,89894,1,0,0:0:0:0:
64,36,90125,2,0,L|472:353,1,515.625022463499
256,192,91307,12,0,98375,0:0:0:0:
255,191,98432,5,0,0:0:0:0:
