osu file format v14

[General]
AudioFilename: op.mp3
AudioLeadIn: 0
PreviewTime: 53961
Countdown: 0
SampleSet: Normal
StackLeniency: 0.7
Mode: 1
LetterboxInBreaks: 0
WidescreenStoryboard: 0

[Editor]
DistanceSpacing: 1.1
BeatDivisor: 4
GridSize: 4
TimelineZoom: 1.5

[Metadata]
Title:X.U.
TitleUnicode:「X.U.」
Artist:SawanoHiroyuki[nZk]:Gemie
ArtistUnicode:SawanoHiroyuki[nZk]:Gemie
Creator:mion_6GKM
Version:Nofool's Muzukashii
Source:終わりのセラフ
Tags:澤野弘之 seraph of the end owari no seraph op mion game rock Nofool nadapan Pho Sky Trias
BeatmapID:682698
BeatmapSetID:303177

[Difficulty]
HPDrainRate:5
CircleSize:4
OverallDifficulty:4
ApproachRate:5
SliderMultiplier:1.4
SliderTickRate:1

[Events]
//Background and Video events
Video,0,"Owari no Seraph.avi"
0,0,"yuu.jpg",0,0
//Break Periods
//Storyboard Layer 0 (Background)
//Storyboard Layer 1 (Fail)
//Storyboard Layer 2 (Pass)
//Storyboard Layer 3 (Foreground)
//Storyboard Sound Samples

[TimingPoints]
576,472.44094488189,4,1,0,80,1,0
42150,-125,4,1,0,60,0,0
55379,-83.3333333333333,4,1,0,80,0,1
62820,-83.3333333333333,4,1,0,80,0,0
62938,-83.3333333333333,4,1,0,80,0,1
70497,-83.3333333333333,4,1,0,80,0,0
78056,-83.3333333333333,4,1,0,80,0,1
78292,-83.3333333333333,4,1,0,80,0,0


[Colours]
Combo1 : 251,251,0
Combo2 : 0,128,192
Combo3 : 0,128,0
Combo4 : 174,0,87
Combo5 : 84,0,168
Combo6 : 230,115,0

[HitObjects]
256,196,576,5,4,0:0:0:0:
256,196,1048,1,8,0:0:0:0:
256,196,1402,1,0,0:0:0:0:
256,196,1520,1,0,0:0:0:0:
256,196,1757,1,0,0:0:0:0:
256,196,1993,1,8,0:0:0:0:
256,196,2347,1,0,0:0:0:0:
256,196,2465,1,0,0:0:0:0:
256,196,2701,1,0,0:0:0:0:
256,196,2938,1,8,0:0:0:0:
256,196,3292,1,0,0:0:0:0:
256,196,3410,1,0,0:0:0:0:
256,196,3646,1,0,0:0:0:0:
256,196,3883,1,8,0:0:0:0:
256,196,4119,1,8,0:0:0:0:
256,196,4355,1,0,0:0:0:0:
256,196,4827,1,8,0:0:0:0:
256,196,5182,1,0,0:0:0:0:
256,196,5300,1,0,0:0:0:0:
256,196,5536,1,0,0:0:0:0:
256,196,5772,1,8,0:0:0:0:
256,196,6127,1,0,0:0:0:0:
256,196,6245,1,0,0:0:0:0:
256,196,6481,1,0,0:0:0:0:
256,196,6717,1,8,0:0:0:0:
256,196,7072,1,0,0:0:0:0:
256,196,7190,1,0,0:0:0:0:
256,196,7426,1,0,0:0:0:0:
256,196,7662,1,8,0:0:0:0:
256,196,7780,1,8,0:0:0:0:
256,196,10024,1,0,0:0:0:0:
256,196,10497,1,8,0:0:0:0:
256,196,10969,1,0,0:0:0:0:
256,196,11205,1,0,0:0:0:0:
256,196,11678,1,0,0:0:0:0:
256,196,12150,1,8,0:0:0:0:
256,196,12623,1,0,0:0:0:0:
256,196,13095,1,8,0:0:0:0:
256,196,13568,1,0,0:0:0:0:
256,196,14276,1,8,0:0:0:0:
256,196,14631,1,0,0:0:0:0:
256,196,14749,1,0,0:0:0:0:
256,196,14985,1,0,0:0:0:0:
256,196,15221,1,8,0:0:0:0:
256,196,15576,1,0,0:0:0:0:
256,196,15694,1,0,0:0:0:0:
256,196,15930,1,0,0:0:0:0:
256,196,16166,1,8,0:0:0:0:
256,196,16520,1,0,0:0:0:0:
256,196,16638,1,0,0:0:0:0:
256,196,16875,1,0,0:0:0:0:
256,196,17111,1,8,0:0:0:0:
256,196,17347,1,8,0:0:0:0:
256,196,17583,5,0,0:0:0:0:
256,196,18056,1,8,0:0:0:0:
256,196,18292,1,0,0:0:0:0:
256,196,18410,1,0,0:0:0:0:
256,196,18528,1,0,0:0:0:0:
256,196,18764,1,0,0:0:0:0:
256,196,19001,1,8,0:0:0:0:
256,196,19237,1,0,0:0:0:0:
256,196,19709,1,0,0:0:0:0:
256,196,19946,1,8,0:0:0:0:
256,196,20182,1,0,0:0:0:0:
256,196,20418,1,0,0:0:0:0:
256,196,20654,1,8,0:0:0:0:
256,196,20890,1,8,0:0:0:0:
256,196,21127,1,0,0:0:0:0:
256,196,21363,1,8,0:0:0:0:
256,196,21835,1,8,0:0:0:0:
256,196,22072,1,0,0:0:0:0:
256,196,22544,1,0,0:0:0:0:
256,196,22780,1,8,0:0:0:0:
256,196,23016,1,0,0:0:0:0:
256,196,23489,1,0,0:0:0:0:
256,196,23961,5,0,0:0:0:0:
256,196,24198,1,8,0:0:0:0:
256,196,24434,1,0,0:0:0:0:
256,196,24906,1,8,0:0:0:0:
256,196,25379,1,0,0:0:0:0:
256,196,25615,1,8,0:0:0:0:
256,196,25733,1,8,0:0:0:0:
256,196,25851,1,8,0:0:0:0:
256,196,26087,1,8,0:0:0:0:
256,196,26324,1,0,0:0:0:0:
256,196,26796,1,0,0:0:0:0:
256,196,27032,1,8,0:0:0:0:
256,196,27268,1,0,0:0:0:0:
256,196,27505,1,8,0:0:0:0:
256,196,27977,1,8,0:0:0:0:
256,196,28213,1,0,0:0:0:0:
256,196,28450,1,8,0:0:0:0:
256,196,28686,1,0,0:0:0:0:
256,196,29158,1,8,0:0:0:0:
256,196,29394,1,0,0:0:0:0:
256,196,29513,1,0,0:0:0:0:
256,196,29631,1,0,0:0:0:0:
256,196,29867,1,0,0:0:0:0:
256,196,30103,1,8,0:0:0:0:
256,196,30576,1,0,0:0:0:0:
256,196,30812,1,8,0:0:0:0:
256,196,31048,1,0,0:0:0:0:
256,196,31284,1,8,0:0:0:0:
256,196,31757,1,8,0:0:0:0:
256,196,31993,1,0,0:0:0:0:
256,196,32229,1,8,0:0:0:0:
256,196,32465,1,0,0:0:0:0:
256,196,32938,1,0,0:0:0:0:
256,196,33174,1,8,0:0:0:0:
256,196,33292,1,8,0:0:0:0:
256,196,33410,1,8,0:0:0:0:
256,196,33646,1,8,0:0:0:0:
256,196,33883,1,0,0:0:0:0:
256,196,34119,1,0,0:0:0:0:
256,196,34355,1,0,0:0:0:0:
256,196,34591,1,8,0:0:0:0:
256,196,34827,1,0,0:0:0:0:
256,196,35064,1,8,0:0:0:0:
256,196,35536,1,8,0:0:0:0:
256,196,35772,1,0,0:0:0:0:
256,196,36009,1,8,0:0:0:0:
256,196,36245,1,0,0:0:0:0:
256,196,36717,1,0,0:0:0:0:
256,196,36953,1,8,0:0:0:0:
256,196,37426,1,8,0:0:0:0:
256,196,37662,1,0,0:0:0:0:
256,196,37780,1,0,0:0:0:0:
256,196,37898,1,0,0:0:0:0:
256,196,38135,1,0,0:0:0:0:
256,196,38371,1,8,0:0:0:0:
256,196,38607,1,0,0:0:0:0:
256,196,38843,1,8,0:0:0:0:
256,196,39316,2,8,L|300:196,8,35
256,196,42150,1,0,0:0:0:0:
256,196,44040,1,8,0:0:0:0:
256,196,47820,1,0,0:0:0:0:
256,196,49709,5,8,0:0:0:0:
256,196,51599,1,0,0:0:0:0:
256,192,52072,12,0,53489,0:0:0:0:
256,196,55379,5,4,0:0:0:0:
256,196,55851,1,8,0:0:0:0:
256,196,56087,1,0,0:0:0:0:
256,196,56560,1,0,0:0:0:0:
256,196,56796,1,8,0:0:0:0:
256,196,57032,1,0,0:0:0:0:
256,196,57150,1,0,0:0:0:0:
256,196,57268,1,0,0:0:0:0:
256,196,57505,1,0,0:0:0:0:
256,196,57741,1,8,0:0:0:0:
256,196,57977,1,0,0:0:0:0:
256,196,58450,1,0,0:0:0:0:
256,196,58686,1,8,0:0:0:0:
256,196,59158,1,0,0:0:0:0:
256,196,59631,1,8,0:0:0:0:
256,196,59867,1,0,0:0:0:0:
256,196,60339,1,0,0:0:0:0:
256,196,60576,1,8,0:0:0:0:
256,196,60812,1,0,0:0:0:0:
256,196,61048,1,0,0:0:0:0:
256,196,61520,1,8,0:0:0:0:
256,196,61757,1,0,0:0:0:0:
256,196,61993,1,8,0:0:0:0:
256,196,62229,1,0,0:0:0:0:
256,196,62701,1,8,0:0:0:0:
256,196,62938,1,4,0:0:0:0:
256,196,63410,1,8,0:0:0:0:
256,196,63646,1,0,0:0:0:0:
256,196,64119,1,0,0:0:0:0:
256,196,64355,1,8,0:0:0:0:
256,196,64591,1,0,0:0:0:0:
256,196,64709,1,0,0:0:0:0:
256,196,64827,1,0,0:0:0:0:
256,196,65064,1,0,0:0:0:0:
256,196,65300,1,8,0:0:0:0:
256,196,65536,1,0,0:0:0:0:
256,196,65772,1,0,0:0:0:0:
256,196,66245,1,8,0:0:0:0:
256,196,66717,1,0,0:0:0:0:
256,196,67190,1,8,0:0:0:0:
256,196,67426,1,0,0:0:0:0:
256,196,67898,1,0,0:0:0:0:
256,196,68135,1,8,0:0:0:0:
256,196,68371,1,0,0:0:0:0:
256,196,68607,1,0,0:0:0:0:
256,196,69079,1,8,0:0:0:0:
256,196,69316,1,0,0:0:0:0:
256,196,69552,2,0,L|308:192,6,41.9999987182618
256,196,70497,1,4,0:0:0:0:
256,196,70969,1,8,0:0:0:0:
256,196,71205,1,0,0:0:0:0:
256,196,71678,1,0,0:0:0:0:
256,196,71914,1,8,0:0:0:0:
256,196,72150,1,0,0:0:0:0:
256,196,72623,1,0,0:0:0:0:
256,196,72859,1,8,0:0:0:0:
256,196,73095,1,0,0:0:0:0:
256,196,73213,1,0,0:0:0:0:
256,196,73331,1,0,0:0:0:0:
256,196,73568,1,0,0:0:0:0:
256,196,73804,1,8,0:0:0:0:
256,196,74040,1,0,0:0:0:0:
256,196,74276,1,8,0:0:0:0:
256,196,74749,1,8,0:0:0:0:
256,196,74985,1,0,0:0:0:0:
256,196,75457,1,0,0:0:0:0:
256,196,75694,1,8,0:0:0:0:
256,196,76166,1,0,0:0:0:0:
256,196,76638,1,8,0:0:0:0:
256,196,76875,1,0,0:0:0:0:
256,196,77347,1,0,0:0:0:0:
256,196,77583,1,8,0:0:0:0:
256,196,77820,1,0,0:0:0:0:
256,196,78056,1,4,0:0:0:0:
256,196,78528,1,8,0:0:0:0:
256,196,78764,1,0,0:0:0:0:
256,196,79237,1,0,0:0:0:0:
256,196,79473,1,8,0:0:0:0:
256,196,79709,1,0,0:0:0:0:
256,196,79827,1,0,0:0:0:0:
256,196,79946,1,0,0:0:0:0:
256,196,80182,1,0,0:0:0:0:
256,196,80418,1,8,0:0:0:0:
256,196,80654,1,0,0:0:0:0:
256,196,81127,1,0,0:0:0:0:
256,196,81363,1,8,0:0:0:0:
256,196,81599,1,0,0:0:0:0:
256,196,81835,1,8,0:0:0:0:
256,196,82308,1,8,0:0:0:0:
256,196,82544,1,0,0:0:0:0:
256,196,83016,1,0,0:0:0:0:
256,196,83253,1,8,0:0:0:0:
256,196,83489,1,0,0:0:0:0:
256,196,83961,1,8,0:0:0:0:
256,196,84198,1,0,0:0:0:0:
256,196,84434,1,8,0:0:0:0:
256,196,84906,1,0,0:0:0:0:
256,196,85024,1,0,0:0:0:0:
256,196,85142,1,0,0:0:0:0:
256,196,85379,1,8,0:0:0:0:
