osu file format v14

[General]
AudioFilename: audio.mp3
AudioLeadIn: 0
PreviewTime: 110646
Countdown: 0
SampleSet: Drum
StackLeniency: 0.7
Mode: 0
LetterboxInBreaks: 0
WidescreenStoryboard: 0

[Editor]
DistanceSpacing: 4
BeatDivisor: 4
GridSize: 8
TimelineZoom: 2.4

[Metadata]
Title:STAND UP BE STRONG (From BLEACH) | Original Metal Cover
TitleUnicode:STAND UP BE STRONG (From BLEACH) | Original Metal Cover
Artist:Rocco Minichiello
ArtistUnicode:Rocco Minichiello
Creator:Suiiiman
Version:Mugetsu
Source:
Tags:
BeatmapID:4603525
BeatmapSetID:2179560

[Difficulty]
HPDrainRate:5
CircleSize:4.5
OverallDifficulty:9.7
ApproachRate:10
SliderMultiplier:1.4
SliderTickRate:1

[Events]
//Background and Video events
0,0,"f5679e0cb33164d3c13ecc211b288ae0 (1).jpg",0,0
//Break Periods
2,41068,50179
2,52179,64401
2,66401,71512
2,73512,80401
2,82401,94623
2,96623,108846
2,110846,123068
//Storyboard Layer 0 (Background)
//Storyboard Layer 1 (Fail)
//Storyboard Layer 2 (Pass)
//Storyboard Layer 3 (Foreground)
//Storyboard Layer 4 (Overlay)
//Storyboard Sound Samples

[TimingPoints]
424,222.222222222222,4,1,0,100,1,0
424,-50,4,2,0,100,0,0
535,-50,4,2,0,5,0,0
646,-50,4,2,0,100,0,0
757,-50,4,2,0,5,0,0
868,-50,4,2,0,100,0,0
979,-50,4,2,0,5,0,0
1090,-50,4,2,0,100,0,0
1757,-50,4,2,0,100,0,0
1868,-50,4,2,0,5,0,0
1979,-50,4,2,0,100,0,0
2090,-50,4,2,0,5,0,0
2201,-50,4,2,0,100,0,0
2868,-50,4,2,0,25,0,0
3201,-50,4,2,0,100,0,0
3423,-50,4,2,0,5,0,0
3535,-50,4,2,0,100,0,0
3646,-50,4,2,0,5,0,0
3757,-50,4,2,0,100,0,0
3868,-50,4,2,0,5,0,0
3979,-50,4,2,0,100,0,0
4090,-50,4,2,0,5,0,0
4201,-50,4,2,0,100,0,0
4312,-50,4,2,0,5,0,0
4423,-50,4,2,0,100,0,0
4534,-50,4,2,0,5,0,0
4646,-50,4,2,0,100,0,0
5312,-50,4,2,0,100,0,0
5423,-50,4,2,0,5,0,0
5535,-50,4,2,0,100,0,0
5646,-50,4,2,0,5,0,0
5757,-50,4,2,0,100,0,0
6423,-50,4,2,0,25,0,0
6757,-50,4,2,0,100,0,0
6979,-50,4,2,0,5,0,0
7090,-50,4,2,0,100,0,0
7201,-50,4,2,0,5,0,0
7312,-50,4,2,0,100,0,0
7423,-50,4,2,0,5,0,0
7535,-50,4,2,0,100,0,0
7646,-50,4,2,0,5,0,0
7757,-50,4,2,0,100,0,0
7868,-50,4,2,0,5,0,0
7979,-50,4,2,0,100,0,0
8090,-50,4,2,0,5,0,0
8201,-50,4,2,0,100,0,0
8868,-50,4,2,0,100,0,0
8979,-50,4,2,0,5,0,0
9090,-50,4,2,0,100,0,0
9201,-50,4,2,0,5,0,0
9312,-50,4,2,0,100,0,0
9979,-50,4,2,0,25,0,0
10312,-50,4,2,0,100,0,0
10535,-50,4,2,0,5,0,0
10646,-50,4,2,0,100,0,0
10757,-50,4,2,0,5,0,0
10868,-50,4,2,0,100,0,0
10979,-50,4,2,0,5,0,0
11090,-50,4,2,0,100,0,0
11201,-50,4,2,0,5,0,0
11312,-50,4,2,0,100,0,0
11423,-50,4,2,0,5,0,0
11535,-50,4,2,0,100,0,0
11646,-50,4,2,0,5,0,0
11757,-50,4,2,0,100,0,0
12423,-50,4,2,0,100,0,0
12534,-50,4,2,0,5,0,0
12646,-50,4,2,0,100,0,0
12757,-50,4,2,0,5,0,0
12868,-50,4,2,0,100,0,0
13535,-50,4,2,0,25,0,0
13757,-50,4,3,0,100,0,0
14646,-100,4,2,0,100,0,0
15312,-100,4,2,0,5,0,0
15535,-100,4,2,0,100,0,0
15757,-100,4,2,0,5,0,0
15979,-100,4,2,0,100,0,0
16201,-100,4,2,0,5,0,0
16423,-100,4,2,0,100,0,0
16645,-100,4,2,0,5,0,0
16868,-100,4,2,0,100,0,0
17090,-100,4,2,0,5,0,0
17312,-100,4,2,0,100,0,0
17534,-100,4,2,0,5,0,0
17757,-100,4,2,0,100,0,0
17979,-100,4,2,0,5,0,0
18201,-100,4,2,0,100,0,0
18423,-100,4,2,0,5,0,0
18646,-100,4,2,0,100,0,0
18868,-100,4,2,0,5,0,0
19090,-100,4,2,0,100,0,0
19312,-100,4,2,0,5,0,0
19535,-100,4,2,0,100,0,0
19757,-100,4,2,0,5,0,0
19979,-100,4,2,0,100,0,0
20201,-100,4,2,0,5,0,0
20423,-100,4,2,0,100,0,0
20645,-100,4,2,0,5,0,0
20868,-100,4,2,0,100,0,0
21701,-100,4,2,0,5,0,0
21757,-100,4,2,0,100,0,0
22423,-100,4,2,0,5,0,0
22646,-100,4,2,0,100,0,0
22868,-100,4,2,0,5,0,0
23090,-100,4,2,0,100,0,0
23312,-100,4,2,0,5,0,0
23535,-100,4,2,0,100,0,0
23757,-100,4,2,0,5,0,0
23979,-100,4,2,0,100,0,0
24201,-100,4,2,0,5,0,0
24423,-100,4,2,0,100,0,0
24645,-100,4,2,0,5,0,0
24868,-100,4,2,0,100,0,0
25090,-100,4,2,0,5,0,0
25312,-100,4,2,0,100,0,0
25534,-100,4,2,0,5,0,0
25757,-100,4,2,0,100,0,0
25979,-100,4,2,0,5,0,0
26201,-100,4,2,0,100,0,0
26423,-100,4,2,0,5,0,0
26646,-100,4,2,0,100,0,0
26868,-100,4,2,0,5,0,0
27090,-100,4,2,0,100,0,0
27312,-100,4,2,0,5,0,0
27535,-100,4,2,0,100,0,0
27757,-100,4,2,0,5,0,0
27979,-100,4,2,0,100,0,0
28812,-100,4,2,0,5,0,0
28868,-100,4,3,0,100,0,0
37535,-100,4,3,0,5,0,0
37757,-100,4,1,0,100,0,1
66201,-100,4,1,0,100,0,0
82201,-100,4,1,0,100,0,1
124868,-100,4,1,0,100,0,0


[HitObjects]
266,153,424,6,0,B|285:90|285:90|293:102|293:102|318:33,1,140
366,175,646,2,0,B|347:238|347:238|339:226|339:226|314:295,1,140
179,114,868,2,0,B|163:178|163:178|176:171|176:171|166:230,1,140
386,296,1090,6,0,B|445:308|445:308|425:273|425:273|484:275,2,140
246,33,1423,2,0,B|213:7|213:7|172:36|172:36|127:4,2,140
35,215,1757,6,2,B|64:292|64:292|118:331|179:320,1,140
104,193,1979,2,2,B|124:246|124:246|173:268|173:268|227:254,1,140
49,148,2201,2,2,B|86:122|86:122|150:127|150:127|179:196|179:196|218:189|218:189|268:228|268:228|276:202|276:202|286:183|286:183|297:172|297:172|312:48|312:48|268:121|268:121|213:88|213:88|170:116|170:116|34:16,1,840
198,240,3201,6,2,B|179:286|179:286|105:327|105:327|87:354|87:354|68:304|68:304|-27:280,1,280
252,288,3535,2,2,B|233:334|233:334|177:365|177:365|127:393,1,140
148,191,3757,2,2,B|125:238|125:238|110:246|110:246|37:228,1,140
296,358,3979,6,0,B|317:312|317:312|326:281|322:263|314:232|257:216|257:216,1,140
232,21,4201,2,0,B|215:28|215:28|186:50|176:82|184:114|216:140,1,140
252,288,4423,2,0,P|231:208|330:178,1,140
403,60,4646,6,0,B|482:53|482:53|464:126|464:126,2,140
259,187,4979,2,0,B|182:170|182:170|224:95,2,140
95,307,5312,6,2,B|54:297|54:297|40:255|40:255|66:185,1,140
58,373,5535,2,2,B|124:377|124:377|178:317|178:317,1,140
0,175,5757,2,2,B|19:135|19:135|119:142|119:142|131:123|153:80|153:80|6:68|6:68|16:3|16:3|260:22|260:22|172:191,1,840
16,3,6757,6,2,B|6:68|6:68|152:80|152:80|116:147,1,280
259,22,7090,2,2,L|106:8,1,140
58,204,7312,2,2,B|131:210|131:210|175:266,1,140
220,90,7535,6,0,B|289:93|289:93|288:103|288:103|325:79|366:101,1,140
183,168,7757,2,0,B|227:221|227:221|254:166|254:166|291:190,1,140
296,233,7979,2,0,B|341:252|341:252|329:150,1,140
490,335,8201,6,0,B|430:368|430:368|347:339,2,140
297,24,8535,2,0,B|256:23|256:23|146:12,2,140
31,226,8868,6,2,B|98:227|98:227|140:323,1,140
224,157,9090,2,2,B|157:156|157:156|115:60,1,140
55,293,9312,2,2,B|76:343|76:343|109:367|166:381|200:316|199:294|199:294|170:223|170:223|241:222|241:222|304:192|304:146|282:102|239:91|239:91|201:90|201:90|177:41|177:41|150:19|119:11|73:22|55:86|55:86|91:171,1,840
268,287,10312,6,2,B|307:270|339:230|339:230|315:318|283:376|238:394,1,280
12,366,10646,2,2,B|-16:285|-16:285|28:192,1,140
244,23,10868,2,2,P|320:62|354:118,1,140
170,224,11090,6,0,B|139:217|139:217|124:180|124:180|165:147|131:90,1,140
291,154,11312,2,0,P|364:184|419:129,1,140
213,167,11535,2,0,B|256:226|256:226|195:303,1,140
382,285,11757,6,0,B|446:257|446:257|492:199,2,140
242,103,12090,2,0,B|157:47|157:47|89:56,2,140
321,253,12423,6,2,B|245:350|245:350|166:352,1,140
57,288,12646,2,2,B|77:232|77:232|42:153|42:153,1,140
348,114,12868,2,2,B|336:96|307:77|286:77|270:78|239:93|216:122|220:162|220:162|215:169|215:169|254:230|254:230|213:283|213:283|131:280|131:280|148:223|148:223|109:142|109:142|159:126|159:126|142:115|142:115|97:120|97:120|37:58|37:58|84:-8,1,840
289,158,13757,5,8,0:0:0:0:
367,197,13868,1,8,0:0:0:0:
434,141,13979,1,8,0:0:0:0:
408,57,14090,1,8,0:0:0:0:
317,8,14201,1,0,0:0:0:0:
215,22,14312,1,0,0:0:0:0:
142,107,14423,1,0,0:0:0:0:
148,219,14535,1,0,0:0:0:0:
220,304,14646,5,0,3:3:0:0:
387,116,15090,6,4,B|422:88|422:88|367:38|314:74,1,140
256,179,15535,2,4,P|186:221|114:195,1,140
291,121,15979,2,4,B|326:144|336:192|436:198,1,140
183,144,16423,2,4,B|122:133|163:68|89:36,1,140
201,266,16868,6,4,B|235:318|235:318|265:271|316:264,1,140
422,86,17312,2,4,P|411:43|322:37,1,140
306,344,17757,2,4,P|345:356|419:294,1,140
247,212,18201,2,4,B|222:172|142:222|106:171,1,140
342,50,18646,6,4,B|381:23|381:23|437:50|425:123,1,140
163,120,19090,2,4,P|84:81|29:112,1,140
202,263,19535,2,4,P|233:277|311:216,1,140
174,193,19979,2,4,B|104:185|144:273|69:264,1,140
73,84,20423,6,4,B|66:27|66:27|97:67|146:33,1,140
283,142,20868,2,4,B|358:188|350:229|240:247|263:365|397:376|451:347|496:229|459:191|388:247|365:220|416:142|427:136|475:142|481:144|482:67|466:46,1,525
407,9,21757,5,4,3:3:0:0:
125,268,22201,6,4,B|90:296|90:296|145:346|198:310,1,140
256,205,22646,2,4,P|326:163|398:189,1,140
221,263,23090,2,4,B|186:240|176:192|76:186,1,140
329,240,23534,2,4,B|390:251|349:316|423:348,1,140
311,118,23979,6,4,B|277:66|277:66|247:113|196:120,1,140
90,298,24423,2,4,P|101:341|190:347,1,140
206,40,24868,2,4,P|167:28|93:90,1,140
265,172,25312,2,4,B|290:212|370:162|406:213,1,140
170,334,25757,6,4,B|131:361|131:361|75:334|87:261,1,140
349,264,26201,2,4,P|428:303|483:272,1,140
310,121,26646,2,4,P|279:107|201:168,1,140
338,191,27090,6,4,B|408:199|368:111|443:120,1,140
439,300,27534,6,4,B|446:357|446:357|415:317|366:351,1,140
229,242,27979,2,4,B|154:196|162:155|272:137|249:19|115:8|61:37|16:155|53:193|124:137|147:164|96:242|85:248|37:242|30:239|29:316|46:338,1,525
106,370,28868,5,0,0:0:0:0:
240,333,28979,1,2,0:0:0:0:
302,300,29090,1,0,0:0:0:0:
345,166,29201,1,2,0:0:0:0:
138,127,29312,5,8,0:0:0:0:
143,57,29423,1,0,0:0:0:0:
282,35,29535,1,2,0:0:0:0:
351,44,29646,1,0,0:0:0:0:
399,94,29757,1,0,0:0:0:0:
220,203,29868,5,8,0:0:0:0:
329,290,29979,1,2,0:0:0:0:
398,297,30090,1,0,0:0:0:0:
307,107,30201,5,8,0:0:0:0:
183,41,30312,1,2,0:0:0:0:
53,93,30423,1,2,0:0:0:0:
84,230,30535,1,2,0:0:0:0:
145,287,30646,1,0,0:0:0:0:
212,164,30757,1,2,0:0:0:0:
258,215,30868,1,0,0:0:0:0:
224,350,30979,1,2,0:0:0:0:
363,193,31090,5,8,0:0:0:0:
338,127,31201,1,0,0:0:0:0:
450,44,31312,1,2,0:0:0:0:
484,104,31423,1,0,0:0:0:0:
356,44,31535,1,2,0:0:0:0:
466,222,31646,5,8,0:0:0:0:
352,304,31757,1,2,0:0:0:0:
288,334,31868,1,0,0:0:0:0:
155,171,31979,5,8,0:0:0:0:
364,163,32090,5,8,0:0:0:0:
202,296,32201,5,8,0:0:0:0:
265,96,32312,5,8,0:0:0:0:
309,42,32423,1,0,0:0:0:0:
435,87,32535,1,2,0:0:0:0:
484,37,32646,1,0,0:0:0:0:
461,167,32757,1,2,0:0:0:0:
252,186,32868,5,8,0:0:0:0:
182,193,32979,1,0,0:0:0:0:
96,82,33090,1,2,0:0:0:0:
157,48,33201,1,0,0:0:0:0:
224,64,33312,1,0,0:0:0:0:
79,216,33423,5,8,0:0:0:0:
191,301,33535,1,2,0:0:0:0:
259,286,33646,1,0,0:0:0:0:
54,332,33757,5,8,0:0:0:0:
138,163,33868,5,8,0:0:0:0:
297,141,33979,5,8,0:0:0:0:
416,67,34090,1,2,0:0:0:0:
427,206,34201,5,8,0:0:0:0:
418,251,34275,1,8,0:0:0:0:
396,292,34349,1,8,0:0:0:0:
362,323,34423,1,0,0:0:0:0:
319,342,34497,1,0,0:0:0:0:
273,346,34571,1,0,0:0:0:0:
223,331,34646,5,2,0:0:0:0:
198,296,34720,1,2,0:0:0:0:
191,259,34794,1,2,0:0:0:0:
194,226,34868,1,0,0:0:0:0:
209,202,34942,1,0,0:0:0:0:
225,185,35016,1,0,0:0:0:0:
242,177,35090,1,8,0:0:0:0:
255,172,35164,1,8,0:0:0:0:
263,169,35238,1,0,0:0:0:0:
266,166,35312,1,0,0:0:0:0:
269,162,35386,1,0,0:0:0:0:
271,158,35461,1,2,0:0:0:0:
274,154,35535,5,8,0:0:0:0:
270,63,35609,1,8,0:0:0:0:
198,9,35683,1,8,0:0:0:0:
110,30,35757,1,8,0:0:0:0:
71,111,35831,1,8,0:0:0:0:
104,198,35905,1,8,0:0:0:0:
194,222,35979,5,0,0:0:0:0:
256,192,36868,12,0,37535,0:0:0:0:
414,89,37757,6,0,L|311:80,1,70
88,196,37979,2,0,L|175:207,1,70
423,292,38201,1,0,0:0:0:0:
34,83,38535,5,0,0:0:0:0:
309,35,38646,2,0,L|384:35,1,70
236,275,38868,2,0,L|168:224,1,70
454,176,39090,1,0,0:0:0:0:
73,329,39535,6,0,L|61:242,1,70
256,56,39757,2,0,L|273:127,1,70
459,332,39979,1,0,0:0:0:0:
114,129,40312,5,0,0:0:0:0:
390,172,40423,2,0,L|441:117,1,70
197,269,40646,2,0,L|135:304,1,70
412,347,40868,1,0,0:0:0:0:
508,3,51979,5,0,0:0:0:0:
510,3,66201,5,0,0:0:0:0:
506,7,73312,5,0,0:0:0:0:
505,6,82201,5,0,0:0:0:0:
507,7,96423,5,0,0:0:0:0:
508,2,110646,5,0,0:0:0:0:
506,6,124868,5,0,0:0:0:0:
