osu file format v14

[General]
AudioFilename: op.mp3
AudioLeadIn: 0
PreviewTime: 53961
Countdown: 0
SampleSet: Normal
StackLeniency: 0.7
Mode: 1
LetterboxInBreaks: 0
WidescreenStoryboard: 0

[Editor]
DistanceSpacing: 1.1
BeatDivisor: 4
GridSize: 4
TimelineZoom: 1

[Metadata]
Title:X.U.
TitleUnicode:「X.U.」
Artist:SawanoHiroyuki[nZk]:Gemie
ArtistUnicode:SawanoHiroyuki[nZk]:Gemie
Creator:mion_6GKM
Version:Game's Oni
Source:終わりのセラフ
Tags:澤野弘之 seraph of the end owari no seraph op mion game rock Nofool nadapan Pho Sky Trias
BeatmapID:681325
BeatmapSetID:303177

[Difficulty]
HPDrainRate:5
CircleSize:4
OverallDifficulty:6
ApproachRate:5
SliderMultiplier:1.4
SliderTickRate:1

[Events]
//Background and Video events
0,0,"yuu.jpg",0,0
//Break Periods
//Storyboard Layer 0 (Background)
//Storyboard Layer 1 (Fail)
//Storyboard Layer 2 (Pass)
//Storyboard Layer 3 (Foreground)
//Storyboard Sound Samples

[TimingPoints]
576,472.44094488189,4,1,1,90,1,0
55379,-100,4,1,1,90,0,1
62820,-100,4,1,1,90,0,0
62938,-100,4,1,1,90,0,1
70497,-100,4,1,1,90,0,0
78056,-100,4,1,1,90,0,1
78292,-100,4,1,1,90,0,0
78292,-100,4,1,1,90,0,0


[Colours]
Combo1 : 251,251,0
Combo2 : 0,128,192
Combo3 : 0,128,0
Combo4 : 174,0,87
Combo5 : 84,0,168
Combo6 : 230,115,0

[HitObjects]
256,192,576,5,0,0:0:0:0:
256,192,1048,1,8,0:0:0:0:
256,192,1520,1,0,0:0:0:0:
256,192,1757,1,0,0:0:0:0:
256,192,1993,1,8,0:0:0:0:
256,192,2465,1,0,0:0:0:0:
256,192,2701,1,0,0:0:0:0:
256,192,2820,1,0,0:0:0:0:
256,192,2938,1,8,0:0:0:0:
256,192,3174,1,0,0:0:0:0:
256,192,3292,1,8,0:0:0:0:
256,192,3528,1,8,0:0:0:0:
256,192,3646,1,0,0:0:0:0:
256,192,3883,1,8,0:0:0:0:
256,192,4355,1,0,0:0:0:0:
256,192,4827,1,8,0:0:0:0:
256,192,5300,1,0,0:0:0:0:
256,192,5536,1,0,0:0:0:0:
256,192,5772,1,8,0:0:0:0:
256,192,6245,1,0,0:0:0:0:
256,192,6481,1,0,0:0:0:0:
256,192,6599,1,0,0:0:0:0:
256,192,6717,1,8,0:0:0:0:
256,192,6953,1,0,0:0:0:0:
256,192,7072,1,8,0:0:0:0:
256,192,7308,1,8,0:0:0:0:
256,192,7426,1,0,0:0:0:0:
256,192,7662,1,8,0:0:0:0:
256,192,7780,1,8,0:0:0:0:
256,192,7898,1,0,0:0:0:0:
256,192,8016,1,0,0:0:0:0:
256,192,9788,1,8,0:0:0:0:
256,192,9906,1,8,0:0:0:0:
256,192,10024,1,0,0:0:0:0:
256,192,10497,1,8,0:0:0:0:
256,192,10969,1,0,0:0:0:0:
256,192,11442,1,8,0:0:0:0:
256,192,11678,1,0,0:0:0:0:
256,192,11914,1,0,0:0:0:0:
256,192,12387,1,8,0:0:0:0:
256,192,12859,1,0,0:0:0:0:
256,192,13095,1,0,0:0:0:0:
256,192,13331,1,8,0:0:0:0:
256,192,13568,1,0,0:0:0:0:
256,192,13804,1,8,0:0:0:0:
256,192,13922,1,0,0:0:0:0:
256,192,14158,1,0,0:0:0:0:
256,192,14276,1,8,0:0:0:0:
256,192,14513,1,8,0:0:0:0:
256,192,14631,1,0,0:0:0:0:
256,192,14867,1,8,0:0:0:0:
256,192,14985,1,0,0:0:0:0:
256,192,15221,1,8,0:0:0:0:
256,192,15339,1,8,0:0:0:0:
256,192,15457,1,0,0:0:0:0:
256,192,15694,1,8,0:0:0:0:
256,192,15812,1,0,0:0:0:0:
256,192,16048,1,0,0:0:0:0:
256,192,16166,1,8,0:0:0:0:
256,192,16402,1,8,0:0:0:0:
256,192,16520,1,0,0:0:0:0:
256,192,16757,1,8,0:0:0:0:
256,192,16875,1,0,0:0:0:0:
256,192,17111,1,8,0:0:0:0:
256,192,17229,1,0,0:0:0:0:
256,192,17347,1,8,0:0:0:0:
256,192,17465,1,8,0:0:0:0:
256,192,17583,1,0,0:0:0:0:
256,192,18056,1,8,0:0:0:0:
256,192,18528,1,0,0:0:0:0:
256,192,19001,1,8,0:0:0:0:
256,192,19237,1,8,0:0:0:0:
256,192,19473,1,0,0:0:0:0:
256,192,19946,1,8,0:0:0:0:
256,192,20418,1,0,0:0:0:0:
256,192,20654,1,0,0:0:0:0:
256,192,20890,1,8,0:0:0:0:
256,192,21127,1,0,0:0:0:0:
256,192,21363,1,8,0:0:0:0:
256,192,21481,1,0,0:0:0:0:
256,192,21717,1,0,0:0:0:0:
256,192,21835,1,8,0:0:0:0:
256,192,22072,1,8,0:0:0:0:
256,192,22190,1,0,0:0:0:0:
256,192,22426,1,8,0:0:0:0:
256,192,22544,1,0,0:0:0:0:
256,192,22780,1,8,0:0:0:0:
256,192,22898,1,8,0:0:0:0:
256,192,23016,1,0,0:0:0:0:
256,192,23253,1,8,0:0:0:0:
256,192,23961,1,0,0:0:0:0:
256,192,24198,1,8,0:0:0:0:
256,192,24670,1,8,0:0:0:0:
256,192,24906,1,8,0:0:0:0:
256,192,25142,1,0,0:0:0:0:
256,192,25615,1,8,0:0:0:0:
256,192,25851,1,0,0:0:0:0:
256,192,26087,1,0,0:0:0:0:
256,192,26205,1,0,0:0:0:0:
256,192,26324,1,8,0:0:0:0:
256,192,26796,1,0,0:0:0:0:
256,192,27032,1,8,0:0:0:0:
256,192,27268,1,0,0:0:0:0:
256,192,27505,1,8,0:0:0:0:
256,192,27741,1,0,0:0:0:0:
256,192,28213,1,0,0:0:0:0:
256,192,28450,1,8,0:0:0:0:
256,192,28686,1,0,0:0:0:0:
256,192,28804,1,0,0:0:0:0:
256,192,28922,1,8,0:0:0:0:
256,192,29158,1,8,0:0:0:0:
256,192,29394,1,8,0:0:0:0:
256,192,29631,1,0,0:0:0:0:
256,192,29867,1,8,0:0:0:0:
256,192,30103,1,8,0:0:0:0:
256,192,30339,1,0,0:0:0:0:
256,192,30576,1,0,0:0:0:0:
256,192,30694,1,0,0:0:0:0:
256,192,30812,1,8,0:0:0:0:
256,192,31048,1,8,0:0:0:0:
256,192,31284,1,0,0:0:0:0:
256,192,31757,1,0,0:0:0:0:
256,192,31993,1,8,0:0:0:0:
256,192,32229,1,0,0:0:0:0:
256,192,32347,1,0,0:0:0:0:
256,192,32465,1,8,0:0:0:0:
256,192,32701,1,8,0:0:0:0:
256,192,32938,1,8,0:0:0:0:
256,192,33174,1,8,0:0:0:0:
256,192,33410,1,0,0:0:0:0:
256,192,33646,1,8,0:0:0:0:
256,192,33883,1,8,0:0:0:0:
256,192,34119,1,0,0:0:0:0:
256,192,34355,1,8,0:0:0:0:
256,192,34473,1,8,0:0:0:0:
256,192,34591,1,0,0:0:0:0:
256,192,34827,1,8,0:0:0:0:
256,192,35064,1,0,0:0:0:0:
256,192,35536,1,0,0:0:0:0:
256,192,35772,1,8,0:0:0:0:
256,192,36009,1,0,0:0:0:0:
256,192,36127,1,0,0:0:0:0:
256,192,36245,1,8,0:0:0:0:
256,192,36481,1,8,0:0:0:0:
256,192,36717,1,8,0:0:0:0:
256,192,36953,1,8,0:0:0:0:
256,192,37190,1,0,0:0:0:0:
256,192,37426,1,8,0:0:0:0:
256,192,37662,1,0,0:0:0:0:
256,192,37898,1,8,0:0:0:0:
256,192,38135,1,8,0:0:0:0:
256,192,38253,1,8,0:0:0:0:
256,192,38371,1,0,0:0:0:0:
256,192,38843,1,8,0:0:0:0:
256,192,39079,1,0,0:0:0:0:
256,192,39316,1,8,0:0:0:0:
256,192,39434,1,8,0:0:0:0:
256,192,39552,1,0,0:0:0:0:
256,192,39670,1,0,0:0:0:0:
256,192,39788,1,8,0:0:0:0:
256,192,39906,1,8,0:0:0:0:
256,192,40024,1,0,0:0:0:0:
256,192,40142,1,0,0:0:0:0:
256,192,40261,1,8,0:0:0:0:
256,192,41205,1,0,0:0:0:0:
256,192,41678,1,0,0:0:0:0:
256,192,41914,1,0,0:0:0:0:
256,192,42150,1,8,0:0:0:0:
256,192,42623,1,0,0:0:0:0:
256,192,43095,1,0,0:0:0:0:
256,192,43331,1,8,0:0:0:0:
256,192,43568,1,0,0:0:0:0:
256,192,43804,1,0,0:0:0:0:
256,192,44040,1,8,0:0:0:0:
256,192,44513,1,0,0:0:0:0:
256,192,44985,1,8,0:0:0:0:
256,192,45221,1,0,0:0:0:0:
256,192,45457,1,0,0:0:0:0:
256,192,45694,1,0,0:0:0:0:
256,192,45930,1,8,0:0:0:0:
256,192,46402,1,0,0:0:0:0:
256,192,46875,1,8,0:0:0:0:
256,192,47111,1,0,0:0:0:0:
256,192,47347,1,8,0:0:0:0:
256,192,47583,1,0,0:0:0:0:
256,192,47701,1,0,0:0:0:0:
256,192,47820,1,8,0:0:0:0:
256,192,48292,1,0,0:0:0:0:
256,192,48764,1,8,0:0:0:0:
256,192,49237,1,0,0:0:0:0:
256,192,49473,1,0,0:0:0:0:
256,192,49591,1,0,0:0:0:0:
256,192,49709,1,8,0:0:0:0:
256,192,50182,1,0,0:0:0:0:
256,192,50654,1,8,0:0:0:0:
256,192,50890,1,0,0:0:0:0:
256,192,51127,1,8,0:0:0:0:
256,192,51363,1,0,0:0:0:0:
256,192,51481,1,0,0:0:0:0:
256,192,51599,1,8,0:0:0:0:
256,192,52072,1,8,0:0:0:0:
256,192,52308,1,0,0:0:0:0:
256,192,52544,1,8,0:0:0:0:
256,192,52662,1,0,0:0:0:0:
256,192,52780,1,0,0:0:0:0:
256,192,53016,1,8,0:0:0:0:
256,192,53253,1,0,0:0:0:0:
256,192,53489,1,8,0:0:0:0:
256,192,55379,1,12,0:0:0:0:
256,192,55615,1,0,0:0:0:0:
256,192,55851,1,8,0:0:0:0:
256,192,56087,1,0,0:0:0:0:
256,192,56205,1,8,0:0:0:0:
256,192,56442,1,8,0:0:0:0:
256,192,56560,1,0,0:0:0:0:
256,192,56796,1,8,0:0:0:0:
256,192,57032,1,0,0:0:0:0:
256,192,57268,1,8,0:0:0:0:
256,192,57505,1,0,0:0:0:0:
256,192,57741,1,8,0:0:0:0:
256,192,57977,1,0,0:0:0:0:
256,192,58095,1,8,0:0:0:0:
256,192,58331,1,8,0:0:0:0:
256,192,58450,1,0,0:0:0:0:
256,192,58686,1,8,0:0:0:0:
256,192,58804,1,0,0:0:0:0:
256,192,58922,1,8,0:0:0:0:
256,192,59040,1,8,0:0:0:0:
256,192,59158,1,0,0:0:0:0:
256,192,59394,1,8,0:0:0:0:
256,192,59631,1,0,0:0:0:0:
256,192,59867,1,8,0:0:0:0:
256,192,59985,1,0,0:0:0:0:
256,192,60221,1,0,0:0:0:0:
256,192,60339,1,8,0:0:0:0:
256,192,60576,1,0,0:0:0:0:
256,192,60812,1,8,0:0:0:0:
256,192,61048,1,8,0:0:0:0:
256,192,61166,1,0,0:0:0:0:
256,192,61284,1,8,0:0:0:0:
256,192,61402,1,0,0:0:0:0:
256,192,61520,1,8,0:0:0:0:
256,192,61757,1,0,0:0:0:0:
256,192,61875,1,8,0:0:0:0:
256,192,62111,1,8,0:0:0:0:
256,192,62229,1,0,0:0:0:0:
256,192,62465,1,8,0:0:0:0:
256,192,62583,1,0,0:0:0:0:
256,192,62701,1,8,0:0:0:0:
256,192,62820,1,0,0:0:0:0:
256,192,62938,1,8,0:0:0:0:
256,192,63174,1,0,0:0:0:0:
256,192,63410,1,8,0:0:0:0:
256,192,63646,1,0,0:0:0:0:
256,192,63764,1,8,0:0:0:0:
256,192,64001,1,8,0:0:0:0:
256,192,64119,1,0,0:0:0:0:
256,192,64355,1,8,0:0:0:0:
256,192,64591,1,0,0:0:0:0:
256,192,64827,1,8,0:0:0:0:
256,192,65064,1,0,0:0:0:0:
256,192,65182,1,0,0:0:0:0:
256,192,65300,1,8,0:0:0:0:
256,192,65536,1,0,0:0:0:0:
256,192,65654,1,8,0:0:0:0:
256,192,65890,1,8,0:0:0:0:
256,192,66009,1,0,0:0:0:0:
256,192,66245,1,8,0:0:0:0:
256,192,66363,1,8,0:0:0:0:
256,192,66481,1,8,0:0:0:0:
256,192,66599,1,0,0:0:0:0:
256,192,66717,1,0,0:0:0:0:
256,192,66953,1,8,0:0:0:0:
256,192,67072,1,8,0:0:0:0:
256,192,67190,1,0,0:0:0:0:
256,192,67426,1,8,0:0:0:0:
256,192,67544,1,0,0:0:0:0:
256,192,67780,1,0,0:0:0:0:
256,192,67898,1,8,0:0:0:0:
256,192,68135,1,8,0:0:0:0:
256,192,68371,1,0,0:0:0:0:
256,192,68607,1,8,0:0:0:0:
256,192,68725,1,8,0:0:0:0:
256,192,68843,1,0,0:0:0:0:
256,192,68961,1,0,0:0:0:0:
256,192,69079,1,8,0:0:0:0:
256,192,69316,1,8,0:0:0:0:
256,192,69434,1,8,0:0:0:0:
256,192,69552,1,0,0:0:0:0:
256,192,69670,1,8,0:0:0:0:
256,192,69788,1,8,0:0:0:0:
256,192,69906,1,8,0:0:0:0:
256,192,70024,1,0,0:0:0:0:
256,192,70142,1,0,0:0:0:0:
256,192,70261,1,8,0:0:0:0:
256,192,70379,1,8,0:0:0:0:
256,192,70497,1,8,0:0:0:0:
256,192,70969,1,8,0:0:0:0:
256,192,71442,1,0,0:0:0:0:
256,192,71678,1,0,0:0:0:0:
256,192,71914,1,8,0:0:0:0:
256,192,72150,1,0,0:0:0:0:
256,192,72387,1,0,0:0:0:0:
256,192,72859,1,8,0:0:0:0:
256,192,73331,1,0,0:0:0:0:
256,192,73568,1,0,0:0:0:0:
256,192,73804,1,8,0:0:0:0:
256,192,74040,1,0,0:0:0:0:
256,192,74158,1,0,0:0:0:0:
256,192,74276,1,8,0:0:0:0:
256,192,74513,1,0,0:0:0:0:
256,192,74749,1,8,0:0:0:0:
256,192,74985,1,0,0:0:0:0:
256,192,75103,1,8,0:0:0:0:
256,192,75339,1,8,0:0:0:0:
256,192,75457,1,0,0:0:0:0:
256,192,75694,1,8,0:0:0:0:
256,192,75930,1,0,0:0:0:0:
256,192,76166,1,8,0:0:0:0:
256,192,76402,1,0,0:0:0:0:
256,192,76520,1,0,0:0:0:0:
256,192,76638,1,8,0:0:0:0:
256,192,76875,1,0,0:0:0:0:
256,192,76993,1,8,0:0:0:0:
256,192,77229,1,8,0:0:0:0:
256,192,77347,1,0,0:0:0:0:
256,192,77583,1,8,0:0:0:0:
256,192,77701,1,0,0:0:0:0:
256,192,77820,1,8,0:0:0:0:
256,192,77938,1,0,0:0:0:0:
256,192,78056,1,8,0:0:0:0:
256,192,78528,1,8,0:0:0:0:
256,192,79001,1,0,0:0:0:0:
256,192,79237,1,0,0:0:0:0:
256,192,79473,1,8,0:0:0:0:
256,192,79709,1,0,0:0:0:0:
256,192,79827,1,0,0:0:0:0:
256,192,79946,1,8,0:0:0:0:
256,192,80418,1,8,0:0:0:0:
256,192,80890,1,0,0:0:0:0:
256,192,81127,1,0,0:0:0:0:
256,192,81363,1,8,0:0:0:0:
256,192,81481,1,0,0:0:0:0:
256,192,81599,1,0,0:0:0:0:
256,192,81717,1,0,0:0:0:0:
256,192,81835,1,8,0:0:0:0:
256,192,82072,1,0,0:0:0:0:
256,192,82308,1,8,0:0:0:0:
256,192,82544,1,0,0:0:0:0:
256,192,82662,1,8,0:0:0:0:
256,192,82898,1,8,0:0:0:0:
256,192,83016,1,0,0:0:0:0:
256,192,83253,1,8,0:0:0:0:
256,192,83489,1,0,0:0:0:0:
256,192,83725,1,8,0:0:0:0:
256,192,83961,1,0,0:0:0:0:
256,192,84079,1,8,0:0:0:0:
256,192,84198,1,8,0:0:0:0:
256,192,84434,1,0,0:0:0:0:
256,192,84552,1,0,0:0:0:0:
256,192,84670,1,8,0:0:0:0:
256,192,84788,1,8,0:0:0:0:
256,192,84906,1,0,0:0:0:0:
256,192,85024,1,0,0:0:0:0:
256,192,85142,1,8,0:0:0:0:
256,192,85261,1,8,0:0:0:0:
256,192,85379,1,8,0:0:0:0:
