osu file format v14

[General]
AudioFilename: op.mp3
AudioLeadIn: 0
PreviewTime: 53961
Countdown: 0
SampleSet: Normal
StackLeniency: 0.7
Mode: 1
LetterboxInBreaks: 0
WidescreenStoryboard: 1

[Editor]
DistanceSpacing: 1.1
BeatDivisor: 4
GridSize: 4
TimelineZoom: 1.3

[Metadata]
Title:X.U.
TitleUnicode:「X.U.」
Artist:SawanoHiroyuki[nZk]:Gemie
ArtistUnicode:SawanoHiroyuki[nZk]:Gemie
Creator:mion_6GKM
Version:Nofool's Oni
Source:終わりのセラフ
Tags:澤野弘之 seraph of the end owari no seraph op mion game rock Nofool nadapan Pho Sky Trias
BeatmapID:682699
BeatmapSetID:303177

[Difficulty]
HPDrainRate:5
CircleSize:4
OverallDifficulty:5
ApproachRate:5
SliderMultiplier:1.4
SliderTickRate:1

[Events]
//Background and Video events
Video,0,"Owari no Seraph.avi"
0,0,"yuu.jpg",0,0
//Break Periods
//Storyboard Layer 0 (Background)
//Storyboard Layer 1 (Fail)
//Storyboard Layer 2 (Pass)
//Storyboard Layer 3 (Foreground)
//Storyboard Sound Samples

[TimingPoints]
576,472.44094488189,4,1,0,80,1,0
42150,-125,4,1,0,60,0,0
55379,-83.3333333333333,4,1,0,80,0,1
62820,-83.3333333333333,4,1,0,80,0,0
62938,-83.3333333333333,4,1,0,80,0,1
70497,-83.3333333333333,4,1,0,80,0,0
78056,-83.3333333333333,4,1,0,80,0,1
78292,-83.3333333333333,4,1,0,80,0,0


[Colours]
Combo1 : 251,251,0
Combo2 : 0,128,192
Combo3 : 0,128,0
Combo4 : 174,0,87
Combo5 : 84,0,168
Combo6 : 230,115,0

[HitObjects]
256,192,576,5,4,0:0:0:0:
256,192,812,1,8,0:0:0:0:
256,192,1048,1,0,0:0:0:0:
256,192,1166,1,8,0:0:0:0:
256,192,1402,1,8,0:0:0:0:
256,192,1520,1,0,0:0:0:0:
256,192,1757,1,8,0:0:0:0:
256,192,1993,1,0,0:0:0:0:
256,192,2465,1,0,0:0:0:0:
256,192,2583,1,0,0:0:0:0:
256,192,2701,1,8,0:0:0:0:
256,192,2938,1,0,0:0:0:0:
256,192,3056,1,8,0:0:0:0:
256,192,3292,1,8,0:0:0:0:
256,192,3410,1,0,0:0:0:0:
256,192,3646,1,8,0:0:0:0:
256,192,3883,1,0,0:0:0:0:
256,192,4001,1,0,0:0:0:0:
256,192,4119,1,8,0:0:0:0:
256,192,4237,1,8,0:0:0:0:
256,192,4355,1,0,0:0:0:0:
256,192,4591,1,8,0:0:0:0:
256,192,4827,1,0,0:0:0:0:
256,192,4946,1,8,0:0:0:0:
256,192,5182,1,8,0:0:0:0:
256,192,5300,1,0,0:0:0:0:
256,192,5536,1,8,0:0:0:0:
256,192,5772,1,0,0:0:0:0:
256,192,6245,1,0,0:0:0:0:
256,192,6363,1,0,0:0:0:0:
256,192,6481,1,8,0:0:0:0:
256,192,6717,1,0,0:0:0:0:
256,192,6835,1,8,0:0:0:0:
256,192,7072,1,8,0:0:0:0:
256,192,7190,1,0,0:0:0:0:
256,192,7426,1,8,0:0:0:0:
256,192,7662,1,0,0:0:0:0:
256,192,7780,1,0,0:0:0:0:
256,192,7898,1,8,0:0:0:0:
256,192,8016,1,8,0:0:0:0:
256,192,10024,1,0,0:0:0:0:
256,192,10497,1,8,0:0:0:0:
256,192,10969,1,0,0:0:0:0:
256,192,11205,1,8,0:0:0:0:
256,192,11678,1,8,0:0:0:0:
256,192,12150,1,0,0:0:0:0:
256,192,12387,1,8,0:0:0:0:
256,192,12623,1,0,0:0:0:0:
256,192,13095,1,0,0:0:0:0:
256,192,13331,1,8,0:0:0:0:
256,192,13568,1,0,0:0:0:0:
256,192,13804,1,0,0:0:0:0:
256,192,13922,1,0,0:0:0:0:
256,192,14040,1,8,0:0:0:0:
256,192,14276,1,0,0:0:0:0:
256,192,14394,1,8,0:0:0:0:
256,192,14631,1,8,0:0:0:0:
256,192,14749,1,0,0:0:0:0:
256,192,14985,1,8,0:0:0:0:
256,192,15221,1,0,0:0:0:0:
256,192,15694,1,0,0:0:0:0:
256,192,15812,1,0,0:0:0:0:
256,192,15930,1,8,0:0:0:0:
256,192,16166,1,0,0:0:0:0:
256,192,16284,1,8,0:0:0:0:
256,192,16520,1,8,0:0:0:0:
256,192,16638,1,0,0:0:0:0:
256,192,16875,1,8,0:0:0:0:
256,192,17111,1,0,0:0:0:0:
256,192,17229,5,0,0:0:0:0:
256,192,17347,1,8,0:0:0:0:
256,192,17465,1,8,0:0:0:0:
256,192,17583,1,0,0:0:0:0:
256,192,17820,1,8,0:0:0:0:
256,192,18056,1,0,0:0:0:0:
256,192,18174,1,0,0:0:0:0:
256,192,18292,1,0,0:0:0:0:
256,192,18528,1,0,0:0:0:0:
256,192,18764,1,8,0:0:0:0:
256,192,19001,1,0,0:0:0:0:
256,192,19119,1,0,0:0:0:0:
256,192,19237,1,8,0:0:0:0:
256,192,19473,1,0,0:0:0:0:
256,192,19827,1,8,0:0:0:0:
256,192,19946,1,0,0:0:0:0:
256,192,20182,1,8,0:0:0:0:
256,192,20418,1,0,0:0:0:0:
256,192,20536,1,0,0:0:0:0:
256,192,20654,1,0,0:0:0:0:
256,192,20890,1,0,0:0:0:0:
256,192,21127,1,8,0:0:0:0:
256,192,21363,1,0,0:0:0:0:
256,192,21835,1,8,0:0:0:0:
272,224,22072,1,0,0:0:0:0:
256,192,22544,1,0,0:0:0:0:
256,192,22780,1,8,0:0:0:0:
256,192,23016,1,0,0:0:0:0:
256,192,23253,1,0,0:0:0:0:
256,192,23725,5,8,0:0:0:0:
256,192,24198,1,0,0:0:0:0:
256,192,24434,5,0,0:0:0:0:
256,192,24670,1,8,0:0:0:0:
256,192,24906,1,0,0:0:0:0:
256,192,25142,5,4,0:0:0:0:
256,192,25379,1,8,0:0:0:0:
256,192,25615,1,0,0:0:0:0:
256,192,25733,1,0,0:0:0:0:
256,192,25851,1,8,0:0:0:0:
256,192,26087,1,0,0:0:0:0:
256,192,26324,1,0,0:0:0:0:
256,192,26796,1,8,0:0:0:0:
256,192,27032,1,0,0:0:0:0:
256,192,27150,1,0,0:0:0:0:
256,192,27268,1,8,0:0:0:0:
256,192,27505,1,0,0:0:0:0:
256,192,27623,1,8,0:0:0:0:
256,192,27859,1,8,0:0:0:0:
256,192,27977,1,0,0:0:0:0:
256,192,28213,1,8,0:0:0:0:
256,192,28450,1,0,0:0:0:0:
256,192,28568,1,0,0:0:0:0:
256,192,28686,1,8,0:0:0:0:
256,192,28922,1,0,0:0:0:0:
256,192,29158,1,8,0:0:0:0:
256,192,29394,1,0,0:0:0:0:
256,192,29513,1,0,0:0:0:0:
256,192,29631,1,8,0:0:0:0:
256,192,29867,1,0,0:0:0:0:
256,192,30103,1,0,0:0:0:0:
256,192,30576,1,8,0:0:0:0:
256,192,30812,1,0,0:0:0:0:
256,192,30930,1,0,0:0:0:0:
256,192,31048,1,8,0:0:0:0:
256,192,31284,1,0,0:0:0:0:
256,192,31402,1,8,0:0:0:0:
256,192,31638,1,8,0:0:0:0:
256,192,31757,1,0,0:0:0:0:
256,192,31875,1,0,0:0:0:0:
256,192,31993,1,0,0:0:0:0:
256,192,32229,1,8,0:0:0:0:
256,192,32347,1,8,0:0:0:0:
256,192,32465,1,8,0:0:0:0:
256,192,32701,1,4,0:0:0:0:
256,192,32938,1,8,0:0:0:0:
256,192,33174,1,0,0:0:0:0:
256,192,33292,1,0,0:0:0:0:
256,192,33410,1,8,0:0:0:0:
256,192,33528,1,8,0:0:0:0:
256,192,33646,1,0,0:0:0:0:
256,192,33883,1,8,0:0:0:0:
256,192,34119,1,0,0:0:0:0:
256,192,34355,1,8,0:0:0:0:
256,192,34473,1,8,0:0:0:0:
256,192,34591,1,0,0:0:0:0:
256,192,34827,1,8,0:0:0:0:
256,192,35064,1,0,0:0:0:0:
256,192,35182,1,0,0:0:0:0:
256,192,35300,1,8,0:0:0:0:
256,192,35418,1,8,0:0:0:0:
256,192,35536,1,0,0:0:0:0:
256,192,35772,1,8,0:0:0:0:
256,192,35890,1,8,0:0:0:0:
256,192,36009,1,0,0:0:0:0:
256,192,36245,1,8,0:0:0:0:
256,192,36481,1,0,0:0:0:0:
256,192,36717,1,8,0:0:0:0:
256,192,36953,1,0,0:0:0:0:
256,192,37072,1,0,0:0:0:0:
256,192,37190,1,8,0:0:0:0:
256,192,37308,1,8,0:0:0:0:
256,192,37426,1,0,0:0:0:0:
256,192,37662,1,8,0:0:0:0:
256,192,37898,1,0,0:0:0:0:
256,192,38135,1,8,0:0:0:0:
256,192,38253,1,8,0:0:0:0:
256,192,38371,1,0,0:0:0:0:
256,192,38607,1,8,0:0:0:0:
256,192,38843,1,0,0:0:0:0:
256,192,38961,1,0,0:0:0:0:
256,192,39079,1,8,0:0:0:0:
256,192,39198,1,8,0:0:0:0:
256,192,39316,1,0,0:0:0:0:
256,192,39552,1,8,0:0:0:0:
256,192,39788,1,0,0:0:0:0:
256,192,39906,1,8,0:0:0:0:
256,192,40024,1,8,0:0:0:0:
256,192,40142,1,8,0:0:0:0:
256,192,40261,1,0,0:0:0:0:
256,192,42150,1,8,0:0:0:0:
256,192,44040,1,0,0:0:0:0:
256,192,45930,1,0,0:0:0:0:
256,192,47820,1,8,0:0:0:0:
256,192,49709,1,0,0:0:0:0:
256,192,50182,1,0,0:0:0:0:
256,192,50654,1,0,0:0:0:0:
256,192,51599,1,8,0:0:0:0:
256,192,52072,12,0,53489,0:0:0:0:
256,196,55379,5,4,0:0:0:0:
256,196,55615,1,0,0:0:0:0:
256,196,55851,1,8,0:0:0:0:
256,196,56087,1,0,0:0:0:0:
256,196,56560,1,0,0:0:0:0:
256,196,56796,1,8,0:0:0:0:
256,196,57032,1,0,0:0:0:0:
256,196,57150,1,0,0:0:0:0:
256,196,57268,1,0,0:0:0:0:
256,196,57505,1,0,0:0:0:0:
256,196,57741,1,8,0:0:0:0:
256,196,57977,1,8,0:0:0:0:
256,196,58095,1,8,0:0:0:0:
256,196,58213,1,0,0:0:0:0:
256,196,58450,1,0,0:0:0:0:
256,196,58686,1,8,0:0:0:0:
256,196,58922,1,0,0:0:0:0:
256,196,59394,1,0,0:0:0:0:
256,196,59631,1,8,0:0:0:0:
256,196,59867,1,0,0:0:0:0:
256,196,59985,1,0,0:0:0:0:
256,196,60103,1,8,0:0:0:0:
256,196,60339,1,0,0:0:0:0:
256,196,60576,1,8,0:0:0:0:
256,196,60812,1,0,0:0:0:0:
256,196,61048,1,0,0:0:0:0:
256,196,61520,1,8,0:0:0:0:
256,196,61757,1,0,0:0:0:0:
256,196,61875,1,0,0:0:0:0:
256,196,61993,1,8,0:0:0:0:
256,196,62229,1,0,0:0:0:0:
256,196,62465,1,8,0:0:0:0:
256,196,62701,1,8,0:0:0:0:
256,196,62938,1,4,0:0:0:0:
256,196,63410,1,8,0:0:0:0:
256,196,63528,1,0,0:0:0:0:
256,196,63764,1,0,0:0:0:0:
256,196,63883,1,8,0:0:0:0:
256,196,64119,1,0,0:0:0:0:
256,196,64355,1,8,0:0:0:0:
256,196,64473,1,8,0:0:0:0:
256,196,64591,1,8,0:0:0:0:
256,196,64709,1,0,0:0:0:0:
256,196,64827,1,0,0:0:0:0:
256,196,65064,1,0,0:0:0:0:
256,196,65300,1,8,0:0:0:0:
256,196,65536,1,0,0:0:0:0:
256,196,65654,1,8,0:0:0:0:
256,196,65772,1,0,0:0:0:0:
256,196,66009,1,0,0:0:0:0:
256,196,66245,1,8,0:0:0:0:
256,196,66481,1,0,0:0:0:0:
256,196,66953,1,0,0:0:0:0:
256,196,67190,1,8,0:0:0:0:
256,196,67426,1,0,0:0:0:0:
256,196,67544,1,0,0:0:0:0:
256,196,67662,1,8,0:0:0:0:
256,196,67898,1,0,0:0:0:0:
256,196,68135,1,8,0:0:0:0:
256,196,68371,1,0,0:0:0:0:
256,196,68607,1,0,0:0:0:0:
256,196,69079,1,8,0:0:0:0:
256,196,69198,1,0,0:0:0:0:
256,196,69434,1,0,0:0:0:0:
256,196,69552,1,8,0:0:0:0:
256,196,69670,1,0,0:0:0:0:
256,196,69788,1,0,0:0:0:0:
256,196,69906,1,0,0:0:0:0:
256,196,70024,1,8,0:0:0:0:
256,196,70142,1,8,0:0:0:0:
256,196,70261,1,8,0:0:0:0:
256,196,70379,1,8,0:0:0:0:
256,196,70497,1,4,0:0:0:0:
256,196,70969,1,8,0:0:0:0:
256,196,71205,1,8,0:0:0:0:
256,196,71324,1,8,0:0:0:0:
256,196,71442,1,0,0:0:0:0:
256,196,71678,1,0,0:0:0:0:
256,196,71914,1,8,0:0:0:0:
256,196,72387,1,0,0:0:0:0:
256,196,72859,1,8,0:0:0:0:
256,196,73095,1,0,0:0:0:0:
256,196,73213,1,0,0:0:0:0:
256,196,73331,1,8,0:0:0:0:
256,196,73568,1,0,0:0:0:0:
256,196,73804,1,8,0:0:0:0:
256,196,74276,1,0,0:0:0:0:
256,196,74749,1,8,0:0:0:0:
256,196,74867,1,0,0:0:0:0:
256,196,75103,1,0,0:0:0:0:
256,196,75221,1,8,0:0:0:0:
256,196,75457,1,0,0:0:0:0:
256,196,75694,1,8,0:0:0:0:
256,196,75930,1,0,0:0:0:0:
256,196,76166,1,0,0:0:0:0:
256,196,76638,1,8,0:0:0:0:
256,196,76875,1,0,0:0:0:0:
256,196,76993,1,0,0:0:0:0:
256,196,77111,1,8,0:0:0:0:
256,196,77229,1,8,0:0:0:0:
256,196,77347,1,0,0:0:0:0:
256,196,77465,1,0,0:0:0:0:
256,196,77583,1,8,0:0:0:0:
256,196,77820,1,0,0:0:0:0:
256,196,78056,1,4,0:0:0:0:
256,196,78528,1,8,0:0:0:0:
256,196,78646,1,0,0:0:0:0:
256,196,78883,1,0,0:0:0:0:
256,196,79001,1,8,0:0:0:0:
256,196,79237,1,0,0:0:0:0:
256,196,79473,1,8,0:0:0:0:
256,196,79709,1,0,0:0:0:0:
256,196,79827,1,0,0:0:0:0:
256,196,79946,1,0,0:0:0:0:
256,196,80182,1,0,0:0:0:0:
256,196,80418,1,8,0:0:0:0:
256,196,80654,1,0,0:0:0:0:
256,196,81127,1,0,0:0:0:0:
256,196,81363,1,8,0:0:0:0:
256,196,81599,1,8,0:0:0:0:
256,196,81835,1,0,0:0:0:0:
256,196,82308,1,8,0:0:0:0:
256,196,82780,1,0,0:0:0:0:
256,196,83253,1,8,0:0:0:0:
256,196,83725,1,0,0:0:0:0:
256,196,83961,1,8,0:0:0:0:
256,196,84198,1,0,0:0:0:0:
256,196,84434,1,8,0:0:0:0:
256,196,84552,1,8,0:0:0:0:
256,196,84670,1,0,0:0:0:0:
256,196,84906,1,8,0:0:0:0:
256,196,85024,1,8,0:0:0:0:
256,196,85142,1,8,0:0:0:0:
256,196,85261,1,8,0:0:0:0:
256,196,85379,1,8,0:0:0:0:
256,196,85497,1,8,0:0:0:0:
