osu file format v14

[General]
AudioFilename: audio.mp3
AudioLeadIn: 0
PreviewTime: -1
Countdown: 1
SampleSet: Soft
StackLeniency: 0.7
Mode: 0
LetterboxInBreaks: 0
WidescreenStoryboard: 0

[Editor]
DistanceSpacing: 1.4
BeatDivisor: 4
GridSize: 32
TimelineZoom: 1.7

[Metadata]
Title:Dare
TitleUnicode:Dare
Artist:Gorillaz
ArtistUnicode:Gorillaz
Creator:AnKawaii
Version:DarE
Source:
Tags:
BeatmapID:2124789
BeatmapSetID:1015257

[Difficulty]
HPDrainRate:5
CircleSize:4
OverallDifficulty:10
ApproachRate:9.7
SliderMultiplier:1.99999990463257
SliderTickRate:1

[Events]
//Background and Video events
//Break Periods
2,56132,57434
//Storyboard Layer 0 (Background)
//Storyboard Layer 1 (Fail)
//Storyboard Layer 2 (Pass)
//Storyboard Layer 3 (Foreground)
//Storyboard Sound Samples

[TimingPoints]
40,499.043499958413,4,2,0,100,1,0
40,-50,4,2,0,100,0,0
23994,-100,4,2,0,100,0,0
31479,-50,4,2,0,100,0,0


[HitObjects]
117,107,40,5,0,0:0:0:0:
236,79,289,2,0,P|278:151|402:181,1,199.999990463257
400,91,663,1,0,0:0:0:0:
467,151,788,1,0,0:0:0:0:
196,318,1038,5,0,0:0:0:0:
344,285,1287,2,0,P|277:214|164:194,1,199.999990463257
144,117,1661,1,0,0:0:0:0:
144,117,1786,1,0,0:0:0:0:
79,245,2036,6,0,P|166:302|291:272,1,199.999990463257
458,149,2535,1,0,0:0:0:0:
352,147,2659,1,0,0:0:0:0:
301,43,2784,2,0,P|192:111|88:89,1,199.999990463257
253,244,3283,5,0,0:0:0:0:
376,128,3533,2,0,P|427:138|466:174,1,99.9999952316283
450,257,3782,1,0,0:0:0:0:
75,241,4032,6,0,P|153:176|215:49,2,199.999990463257
62,128,4656,1,0,0:0:0:0:
129,55,4780,1,0,0:0:0:0:
471,49,5030,6,0,P|443:157|549:265,1,199.999990463257
278,122,5529,1,0,0:0:0:0:
368,188,5654,1,0,0:0:0:0:
274,272,5779,1,0,0:0:0:0:
127,190,6028,5,0,0:0:0:0:
141,37,6527,2,0,P|256:58|353:169,1,199.999990463257
249,308,7026,2,0,B|409:247|409:247|387:79|568:67,2,399.999980926513
74,236,8274,5,0,0:0:0:0:
172,173,8398,1,0,0:0:0:0:
102,56,8523,2,0,P|227:52|327:152,1,199.999990463257,8|0,0:0|0:0,0:0:0:0:
236,339,9022,1,0,0:0:0:0:
393,46,9272,2,0,P|388:178|316:296,1,199.999990463257,0|8,0:0|0:0,0:0:0:0:
230,210,9771,2,0,P|173:136|43:99,1,199.999990463257
103,291,10270,5,0,0:0:0:0:
236,339,10395,1,0,0:0:0:0:
269,190,10519,1,8,0:0:0:0:
449,282,10769,2,0,P|465:184|390:62,1,199.999990463257
256,32,11268,5,0,0:0:0:0:
64,191,11518,1,8,0:0:0:0:
256,356,11767,1,0,0:0:0:0:
34,311,12017,2,0,P|129:274|232:146,1,199.999990463257
256,356,12391,1,0,0:0:0:0:
319,205,12516,1,8,0:0:0:0:
63,83,12765,5,0,0:0:0:0:
294,49,13015,1,0,0:0:0:0:
162,196,13264,1,0,0:0:0:0:
294,49,13514,1,8,0:0:0:0:
330,175,13763,1,0,0:0:0:0:
294,49,14013,2,0,P|387:47|484:124,1,199.999990463257
330,175,14387,5,8,0:0:0:0:
484,226,14512,1,8,0:0:0:0:
217,368,14761,2,0,P|130:303|2:285,1,199.999990463257
58,198,15136,2,0,P|65:155|130:91,1,99.9999952316283
254,196,15510,1,8,0:0:0:0:
277,43,15759,1,0,0:0:0:0:
423,59,16009,2,0,P|427:179|329:304,1,199.999990463257
260,319,16383,5,0,0:0:0:0:
407,354,16508,1,8,0:0:0:0:
332,133,16757,2,0,P|229:191|89:191,1,199.999990463257
158,53,17257,1,0,0:0:0:0:
238,86,17381,1,0,0:0:0:0:
304,32,17506,1,8,0:0:0:0:
382,74,17631,1,0,0:0:0:0:
373,164,17756,1,0,0:0:0:0:
449,202,17880,1,0,0:0:0:0:
405,280,18005,6,0,P|309:233|303:104,1,199.999990463257
164,202,18379,1,0,0:0:0:0:
153,60,18504,1,8,0:0:0:0:
49,348,18754,1,0,0:0:0:0:
304,116,19003,1,0,0:0:0:0:
273,343,19253,2,0,P|297:302|367:268,1,99.9999952316283
408,212,19502,5,8,0:0:0:0:
408,212,19627,1,0,0:0:0:0:
453,123,19752,1,0,0:0:0:0:
453,123,19876,1,0,0:0:0:0:
364,70,20001,2,0,P|266:123|135:92,1,199.999990463257
81,268,20376,1,0,0:0:0:0:
251,263,20500,1,8,0:0:0:0:
110,52,20750,6,0,P|193:112|307:116,1,199.999990463257
347,39,21249,2,0,P|406:47|439:99,1,99.9999952316283
372,152,21498,2,0,P|404:204|475:198,1,99.9999952316283,8|0,0:0|0:0,0:0:0:0:
320,271,21748,1,0,0:0:0:0:
266,361,21873,1,0,0:0:0:0:
169,318,21997,1,0,0:0:0:0:
87,216,22247,6,0,P|151:219|213:158,1,99.9999952316283
238,121,22496,1,8,0:0:0:0:
409,92,22746,5,0,0:0:0:0:
447,270,22996,1,0,0:0:0:0:
397,201,23120,2,0,P|249:181|145:291,1,299.999985694885,0|8,0:0|0:0,0:0:0:0:
83,75,23744,1,0,0:0:0:0:
182,48,23994,6,0,P|265:130|382:127,1,199.999990463257
152,303,24742,1,0,0:0:0:0:
409,316,24992,1,0,0:0:0:0:
211,59,25241,1,0,0:0:0:0:
426,142,25491,2,0,B|361:165|361:165|293:96|212:220,1,199.999990463257
315,337,26239,1,0,0:0:0:0:
85,167,26489,1,0,0:0:0:0:
318,54,26738,5,0,0:0:0:0:
407,241,26988,1,0,0:0:0:0:
203,320,27237,1,0,0:0:0:0:
122,135,27487,2,0,B|239:39|169:155|174:233|293:123,1,199.999990463257
447,51,28235,1,0,0:0:0:0:
147,289,28485,1,0,0:0:0:0:
435,198,28735,1,0,0:0:0:0:
137,106,28984,1,0,0:0:0:0:
314,212,29234,5,0,0:0:0:0:
273,45,29483,2,0,B|211:123|211:123|247:188|166:245,1,199.999990463257
73,205,30232,1,0,0:0:0:0:
213,122,30481,5,0,0:0:0:0:
207,293,30731,2,0,P|271:286|343:205,1,99.9999952316283
410,69,31230,1,0,0:0:0:0:
464,248,31479,2,0,P|371:170|247:170,1,199.999990463257,8|0,0:0|0:0,0:0:0:0:
71,90,31978,5,0,0:0:0:0:
56,291,32228,2,0,P|135:259|228:157,1,199.999990463257,0|8,0:0|0:0,0:0:0:0:
410,69,32727,1,0,0:0:0:0:
400,294,32976,2,0,P|302:289|190:355,1,199.999990463257
102,150,33475,5,8,0:0:0:0:
434,267,33725,1,0,0:0:0:0:
220,109,33974,1,0,0:0:0:0:
286,260,34224,1,0,0:0:0:0:
234,327,34349,2,0,P|171:328|138:290,1,99.9999952316285,0|8,0:0|0:0,0:0:0:0:
422,50,34723,5,0,0:0:0:0:
319,104,34973,2,0,P|201:89|84:128,1,199.999990463257
69,189,35347,1,0,0:0:0:0:
171,193,35472,1,8,0:0:0:0:
184,291,35596,1,0,0:0:0:0:
283,278,35721,1,0,0:0:0:0:
325,362,35846,1,0,0:0:0:0:
415,317,35971,2,0,P|398:193|483:92,1,199.999990463257
320,119,36345,5,0,0:0:0:0:
258,41,36470,2,0,P|156:73|75:190,1,199.999990463257,8|0,0:0|0:0,0:0:0:0:
92,316,36969,1,0,0:0:0:0:
242,247,37218,2,0,P|265:196|233:125,1,99.9999952316285
295,80,37468,1,8,0:0:0:0:
365,149,37593,1,0,0:0:0:0:
439,85,37717,1,0,0:0:0:0:
494,171,37842,1,0,0:0:0:0:
418,248,37967,2,0,P|298:211|213:322,1,199.999990463257
128,154,38341,5,0,0:0:0:0:
226,88,38466,2,0,P|280:72|347:109,1,99.9999952316285,8|0,0:0|0:0,0:0:0:0:
401,146,38715,1,0,0:0:0:0:
124,302,38965,1,0,0:0:0:0:
207,281,39090,2,0,P|311:303|489:239,1,299.999985694885,0|8,0:0|0:0,0:0:0:0:
236,47,39713,5,0,0:0:0:0:
415,162,39963,1,0,0:0:0:0:
258,223,40213,2,0,P|188:153|63:121,1,199.999990463257,0|8,0:0|0:0,0:0:0:0:
91,199,40712,1,0,0:0:0:0:
53,289,40837,1,0,0:0:0:0:
135,323,40961,2,0,P|233:261|383:280,1,199.999990463257
310,64,41460,5,8,0:0:0:0:
205,63,41710,2,0,P|136:116|-10:116,1,199.999990463257
429,221,42209,1,0,0:0:0:0:
358,276,42333,1,0,0:0:0:0:
271,228,42458,1,8,0:0:0:0:
150,200,42708,1,0,0:0:0:0:
44,164,42833,1,0,0:0:0:0:
22,264,42957,1,0,0:0:0:0:
107,316,43207,6,0,P|211:308|330:344,3,199.999990463257,0|8|0|0,0:0|0:0|0:0|0:0,0:0:0:0:
389,159,44205,1,0,0:0:0:0:
305,44,44330,1,0,0:0:0:0:
184,119,44454,2,0,P|185:83|41:83,1,199.999990463257
209,258,44953,5,0,0:0:0:0:
19,170,45203,1,0,0:0:0:0:
190,161,45452,1,8,0:0:0:0:
28,269,45702,1,0,0:0:0:0:
182,336,45952,6,0,P|275:311|373:201,1,199.999990463257
322,151,46326,1,0,0:0:0:0:
435,165,46451,2,0,P|384:91|259:47,1,199.999990463257,8|0,0:0|0:0,0:0:0:0:
160,223,46950,1,0,0:0:0:0:
99,128,47074,1,0,0:0:0:0:
198,56,47199,2,0,P|220:148|307:225,1,199.999990463257,0|8,0:0|0:0,0:0:0:0:
412,303,47698,5,0,0:0:0:0:
360,67,47948,1,0,0:0:0:0:
110,221,48197,1,0,0:0:0:0:
427,180,48447,1,0,0:0:0:0:
240,292,48696,1,0,0:0:0:0:
183,71,48946,1,0,0:0:0:0:
304,158,49195,1,0,0:0:0:0:
109,213,49445,1,0,0:0:0:0:
246,286,49694,5,0,0:0:0:0:
345,321,49819,1,0,0:0:0:0:
396,232,49944,2,0,P|436:131|365:25,1,199.999990463257
137,112,50443,1,8,0:0:0:0:
123,275,50692,2,0,P|210:261|327:119,1,199.999990463257
257,43,51191,1,0,0:0:0:0:
396,232,51441,1,0,0:0:0:0:
225,335,51691,6,0,P|190:214|70:133,2,199.999990463257
303,288,52314,1,0,0:0:0:0:
378,348,52439,1,0,0:0:0:0:
442,224,52689,2,0,P|336:144|298:57,1,199.999990463257
38,212,53188,1,0,0:0:0:0:
177,50,53437,1,0,0:0:0:0:
243,250,53687,1,0,0:0:0:0:
442,62,53936,2,0,P|354:131|220:146,1,199.999990463257
118,259,54310,5,0,0:0:0:0:
57,91,54435,1,0,0:0:0:0:
256,192,54685,12,0,55932,0:0:0:0:
255,191,57929,5,0,0:0:0:0:
